# n200d03p1i3.txt

# 5 cluster
param p := 5 ;

# 200 vertici
set V := 
 1 2 3 4 5 6 7 8 9 10 11 12 13 14 15 16 17 18 19 20 21 22 23 24 25 26 27 28 29 30 31 32 33 34 35 36 37 38 39 40 41 42 43 44 45 46 47 48 49 50 51 52 53 54 55 56 57 58 59 60 61 62 63 64 65 66 67 68 69 70 71 72 73 74 75 76 77 78 79 80 81 82 83 84 85 86 87 88 89 90 91 92 93 94 95 96 97 98 99 100 101 102 103 104 105 106 107 108 109 110 111 112 113 114 115 116 117 118 119 120 121 122 123 124 125 126 127 128 129 130 131 132 133 134 135 136 137 138 139 140 141 142 143 144 145 146 147 148 149 150 151 152 153 154 155 156 157 158 159 160 161 162 163 164 165 166 167 168 169 170 171 172 173 174 175 176 177 178 179 180 181 182 183 184 185 186 187 188 189 190 191 192 193 194 195 196 197 198 199 200
;

param w := 
  1    1
  2    3
  3    3
  4    4
  5    4
  6    5
  7    7
  8   12
  9   13
 10   13
 11   13
 12   15
 13   16
 14   17
 15   17
 16   17
 17   19
 18   19
 19   20
 20   21
 21   21
 22   24
 23   25
 24   25
 25   26
 26   27
 27   27
 28   28
 29   28
 30   31
 31   31
 32   32
 33   33
 34   33
 35   33
 36   34
 37   35
 38   37
 39   38
 40   41
 41   42
 42   43
 43   43
 44   47
 45   47
 46   47
 47   48
 48   49
 49   51
 50   52
 51   54
 52   55
 53   55
 54   56
 55   57
 56   58
 57   60
 58   60
 59   61
 60   61
 61   62
 62   63
 63   63
 64   65
 65   69
 66   71
 67   71
 68   71
 69   72
 70   75
 71   77
 72   78
 73   79
 74   80
 75   80
 76   84
 77   84
 78   85
 79   86
 80   88
 81   88
 82   89
 83   89
 84   89
 85   90
 86   92
 87   93
 88   94
 89   94
 90   94
 91   95
 92   95
 93   97
 94   98
 95  105
 96  105
 97  105
 98  106
 99  111
100  115
101  115
102  116
103  117
104  118
105  118
106  121
107  121
108  121
109  122
110  123
111  124
112  124
113  125
114  125
115  125
116  127
117  128
118  128
119  129
120  129
121  129
122  129
123  130
124  133
125  134
126  134
127  135
128  136
129  136
130  137
131  137
132  137
133  139
134  139
135  140
136  140
137  141
138  142
139  142
140  143
141  144
142  144
143  146
144  146
145  147
146  149
147  151
148  151
149  151
150  153
151  153
152  154
153  154
154  157
155  157
156  157
157  157
158  158
159  158
160  160
161  161
162  161
163  162
164  163
165  163
166  164
167  164
168  166
169  166
170  172
171  174
172  174
173  175
174  175
175  178
176  178
177  178
178  182
179  183
180  184
181  185
182  185
183  186
184  186
185  187
186  188
187  188
188  189
189  189
190  189
191  190
192  191
193  195
194  196
195  197
196  197
197  198
198  198
199  199
200  199
;

# 13266 lati
set E := 
 (1,59) (1,197) (1,168) (1,187) (1,123) (1,196) (1,146) (1,33) (1,115) (1,22) (1,27) (1,117) (1,143) (1,14) (1,24) (1,173) (1,40) (1,93) (1,200) (1,145) (1,101) (1,51) (1,198) (1,28) (1,5) (1,15) (1,43) (1,113) (1,37) (1,109) (1,55) (1,178) (1,72) (1,127) (1,71) (1,183) (1,161) (1,36) (1,144) (1,130) (1,84) (1,65) (1,11) (1,85) (1,75) (1,111) (1,70) (1,170) (1,29) (1,95) (1,92) (1,156) (1,103) (1,35) (1,58) (1,48) (1,86) (1,128) (1,180) (1,105) (1,148) (1,163) (1,184) (1,169) (1,179) (1,137) (1,121)
 (2,90) (2,38) (2,37) (2,79) (2,75) (2,100) (2,120) (2,12) (2,184) (2,190) (2,167) (2,191) (2,24) (2,144) (2,155) (2,129) (2,56) (2,83) (2,30) (2,131) (2,141) (2,41) (2,81) (2,52) (2,172) (2,106) (2,187) (2,31) (2,135) (2,181) (2,67) (2,104) (2,76) (2,195) (2,147) (2,112) (2,146) (2,57) (2,3) (2,111) (2,7) (2,50) (2,145) (2,33) (2,198) (2,150) (2,72) (2,61) (2,138) (2,16) (2,97) (2,132) (2,182) (2,39) (2,20) (2,162) (2,110) (2,51) (2,25) (2,176) (2,126) (2,189) (2,117) (2,84) (2,80) (2,157) (2,27) (2,186) (2,53) (2,70) (2,178)
 (3,47) (3,174) (3,41) (3,58) (3,92) (3,128) (3,99) (3,17) (3,15) (3,25) (3,31) (3,131) (3,175) (3,12) (3,44) (3,11) (3,49) (3,101) (3,95) (3,116) (3,74) (3,145) (3,127) (3,198) (3,117) (3,119) (3,6) (3,78) (3,199) (3,82) (3,110) (3,27) (3,160) (3,139) (3,83) (3,23) (3,57) (3,87) (3,45) (3,172) (3,93) (3,200) (3,125) (3,77) (3,70) (3,104) (3,153) (3,144) (3,10) (3,19) (3,180) (3,182) (3,109) (3,14) (3,34) (3,76) (3,138) (3,38) (3,64) (3,173) (3,18) (3,5) (3,166) (3,136) (3,194) (3,71) (3,162) (3,69) (3,62)
 (4,144) (4,42) (4,103) (4,70) (4,71) (4,102) (4,151) (4,165) (4,94) (4,187) (4,150) (4,57) (4,142) (4,52) (4,147) (4,7) (4,199) (4,89) (4,100) (4,79) (4,26) (4,36) (4,118) (4,66) (4,16) (4,171) (4,119) (4,107) (4,170) (4,167) (4,104) (4,53) (4,92) (4,180) (4,139) (4,105) (4,122) (4,109) (4,29) (4,58) (4,120) (4,17) (4,27) (4,123) (4,74) (4,193) (4,176) (4,124) (4,14) (4,160) (4,196) (4,51) (4,78) (4,73) (4,190) (4,13) (4,134) (4,56) (4,37) (4,168) (4,64) (4,61) (4,186) (4,191) (4,153) (4,10) (4,88)
 (5,121) (5,112) (5,9) (5,34) (5,108) (5,22) (5,134) (5,114) (5,185) (5,8) (5,67) (5,7) (5,139) (5,61) (5,147) (5,162) (5,183) (5,196) (5,171) (5,23) (5,35) (5,56) (5,27) (5,42) (5,59) (5,21) (5,106) (5,157) (5,173) (5,115) (5,24) (5,88) (5,180) (5,158) (5,142) (5,138) (5,161) (5,190) (5,80) (5,200) (5,11) (5,175) (5,96) (5,154) (5,73) (5,186) (5,140) (5,188) (5,117) (5,94) (5,92) (5,174) (5,133) (5,109) (5,192) (5,97) (5,181) (5,127)
 (6,149) (6,14) (6,79) (6,47) (6,95) (6,153) (6,122) (6,7) (6,152) (6,57) (6,11) (6,145) (6,67) (6,143) (6,137) (6,26) (6,40) (6,12) (6,112) (6,18) (6,30) (6,44) (6,116) (6,124) (6,61) (6,76) (6,174) (6,156) (6,114) (6,158) (6,109) (6,37) (6,118) (6,195) (6,197) (6,29) (6,107) (6,155) (6,86) (6,25) (6,138) (6,17) (6,83) (6,128) (6,173) (6,199) (6,56) (6,144) (6,103) (6,200) (6,119) (6,141) (6,132) (6,146) (6,134) (6,15) (6,179) (6,160) (6,188) (6,94) (6,180) (6,167) (6,50) (6,24) (6,102) (6,69) (6,162) (6,142) (6,99) (6,36) (6,187) (6,59)
 (7,137) (7,121) (7,190) (7,110) (7,24) (7,65) (7,129) (7,84) (7,125) (7,189) (7,15) (7,122) (7,113) (7,22) (7,42) (7,82) (7,173) (7,133) (7,20) (7,158) (7,112) (7,172) (7,97) (7,52) (7,141) (7,163) (7,160) (7,157) (7,197) (7,149) (7,167) (7,135) (7,195) (7,142) (7,34) (7,155) (7,95) (7,13) (7,111) (7,39) (7,78) (7,114) (7,131) (7,89) (7,200) (7,144) (7,120) (7,67) (7,171) (7,150) (7,45) (7,43) (7,28)
 (8,145) (8,108) (8,164) (8,118) (8,33) (8,60) (8,101) (8,96) (8,133) (8,125) (8,163) (8,135) (8,198) (8,85) (8,11) (8,47) (8,147) (8,19) (8,186) (8,27) (8,134) (8,167) (8,161) (8,113) (8,146) (8,190) (8,174) (8,64) (8,114) (8,107) (8,98) (8,99) (8,26) (8,84) (8,90) (8,86) (8,129) (8,115) (8,192) (8,172) (8,58) (8,150) (8,44) (8,143) (8,71) (8,69) (8,176) (8,138) (8,35) (8,10) (8,156) (8,13) (8,31) (8,139) (8,112) (8,136) (8,55) (8,17) (8,159) (8,191) (8,131) (8,94) (8,170) (8,116) (8,144) (8,105)
 (9,125) (9,191) (9,195) (9,90) (9,141) (9,161) (9,151) (9,140) (9,75) (9,149) (9,128) (9,39) (9,72) (9,96) (9,166) (9,74) (9,121) (9,85) (9,87) (9,165) (9,111) (9,196) (9,186) (9,152) (9,20) (9,99) (9,30) (9,84) (9,112) (9,199) (9,21) (9,192) (9,43) (9,59) (9,171) (9,13) (9,48) (9,89) (9,148) (9,44) (9,116) (9,12) (9,100) (9,180) (9,95) (9,77) (9,134) (9,117) (9,61) (9,139) (9,197) (9,169) (9,82) (9,52) (9,15)
 (10,40) (10,83) (10,53) (10,36) (10,135) (10,199) (10,14) (10,117) (10,42) (10,71) (10,164) (10,176) (10,97) (10,121) (10,52) (10,125) (10,192) (10,85) (10,146) (10,16) (10,179) (10,99) (10,106) (10,177) (10,151) (10,95) (10,30) (10,50) (10,68) (10,128) (10,149) (10,118) (10,158) (10,105) (10,81) (10,131) (10,89) (10,46) (10,67) (10,127) (10,152) (10,44) (10,80) (10,37) (10,94) (10,167) (10,25) (10,183) (10,23) (10,143) (10,113) (10,33) (10,150) (10,155) (10,166)
 (11,25) (11,56) (11,183) (11,42) (11,39) (11,150) (11,72) (11,123) (11,24) (11,132) (11,76) (11,75) (11,145) (11,99) (11,189) (11,194) (11,54) (11,51) (11,159) (11,160) (11,182) (11,98) (11,81) (11,198) (11,167) (11,48) (11,151) (11,133) (11,141) (11,126) (11,109) (11,165) (11,188) (11,135) (11,191) (11,139) (11,104) (11,110) (11,114) (11,88) (11,87) (11,22) (11,174) (11,52) (11,118) (11,89) (11,94) (11,152) (11,199) (11,17) (11,27) (11,128) (11,175) (11,176) (11,140) (11,200) (11,13) (11,179) (11,111) (11,21)
 (12,62) (12,151) (12,164) (12,52) (12,92) (12,166) (12,73) (12,66) (12,147) (12,119) (12,41) (12,18) (12,154) (12,128) (12,115) (12,122) (12,88) (12,194) (12,59) (12,172) (12,30) (12,158) (12,65) (12,109) (12,155) (12,129) (12,57) (12,144) (12,167) (12,34) (12,148) (12,114) (12,29) (12,120) (12,199) (12,68) (12,60) (12,71) (12,124) (12,33) (12,180) (12,145) (12,23) (12,169) (12,200) (12,101) (12,95) (12,189) (12,53) (12,190) (12,126) (12,136) (12,17) (12,93) (12,103) (12,28) (12,176) (12,38) (12,150) (12,36) (12,80) (12,186) (12,102) (12,198) (12,14) (12,27) (12,132) (12,118) (12,99) (12,90) (12,70) (12,84)
 (13,183) (13,121) (13,42) (13,83) (13,176) (13,125) (13,75) (13,148) (13,186) (13,135) (13,192) (13,37) (13,55) (13,35) (13,101) (13,161) (13,188) (13,143) (13,78) (13,195) (13,109) (13,182) (13,169) (13,196) (13,61) (13,84) (13,65) (13,162) (13,116) (13,17) (13,21) (13,48) (13,46) (13,170) (13,140) (13,191) (13,122) (13,67) (13,198) (13,33) (13,30) (13,111) (13,50) (13,160) (13,91) (13,200) (13,163) (13,179) (13,32) (13,60) (13,26) (13,58) (13,73) (13,41) (13,166) (13,71)
 (14,42) (14,194) (14,15) (14,141) (14,178) (14,68) (14,70) (14,163) (14,165) (14,134) (14,97) (14,168) (14,74) (14,102) (14,103) (14,138) (14,45) (14,82) (14,175) (14,33) (14,105) (14,49) (14,130) (14,83) (14,109) (14,77) (14,115) (14,181) (14,56) (14,137) (14,25) (14,108) (14,121) (14,30) (14,118) (14,185) (14,61) (14,16) (14,136) (14,114) (14,127) (14,62) (14,93) (14,192) (14,133) (14,142) (14,106) (14,153) (14,161) (14,58) (14,89) (14,150) (14,113) (14,20) (14,128) (14,53) (14,28) (14,180) (14,151) (14,51) (14,198) (14,78) (14,22) (14,183) (14,99) (14,64) (14,71) (14,139) (14,177) (14,162) (14,126) (14,90)
 (15,83) (15,97) (15,68) (15,163) (15,46) (15,17) (15,133) (15,139) (15,195) (15,39) (15,71) (15,44) (15,23) (15,174) (15,89) (15,55) (15,128) (15,108) (15,92) (15,53) (15,137) (15,33) (15,65) (15,95) (15,138) (15,45) (15,193) (15,127) (15,196) (15,158) (15,146) (15,41) (15,105) (15,102) (15,179) (15,150) (15,118) (15,136) (15,148) (15,80) (15,31) (15,104) (15,169) (15,178) (15,167) (15,103) (15,112) (15,35) (15,40) (15,74) (15,170) (15,63)
 (16,66) (16,136) (16,129) (16,184) (16,119) (16,149) (16,52) (16,112) (16,49) (16,21) (16,150) (16,86) (16,85) (16,179) (16,103) (16,82) (16,152) (16,96) (16,46) (16,143) (16,50) (16,70) (16,100) (16,68) (16,130) (16,26) (16,161) (16,56) (16,174) (16,154) (16,164) (16,170) (16,72) (16,186) (16,180) (16,81) (16,30) (16,71) (16,37) (16,118) (16,177) (16,93) (16,173) (16,65) (16,195) (16,194) (16,19) (16,198) (16,116) (16,126) (16,73) (16,196) (16,146) (16,102) (16,147) (16,127) (16,135) (16,87) (16,63) (16,105) (16,142) (16,78) (16,157) (16,32) (16,121) (16,200) (16,151) (16,191)
 (17,183) (17,86) (17,197) (17,171) (17,48) (17,36) (17,192) (17,45) (17,64) (17,195) (17,178) (17,112) (17,90) (17,80) (17,103) (17,29) (17,69) (17,125) (17,105) (17,162) (17,117) (17,77) (17,176) (17,25) (17,126) (17,141) (17,133) (17,99) (17,181) (17,74) (17,164) (17,121) (17,142) (17,46) (17,20) (17,57) (17,26) (17,91) (17,42) (17,106) (17,116) (17,54) (17,188) (17,109) (17,21) (17,43) (17,32) (17,28) (17,122) (17,191) (17,169) (17,96) (17,196) (17,143) (17,37) (17,161) (17,87) (17,76) (17,165) (17,146) (17,59) (17,70) (17,131) (17,102) (17,194) (17,113) (17,84) (17,78) (17,51) (17,38)
 (18,149) (18,73) (18,173) (18,104) (18,94) (18,182) (18,162) (18,90) (18,75) (18,87) (18,98) (18,24) (18,188) (18,196) (18,51) (18,91) (18,31) (18,88) (18,89) (18,32) (18,74) (18,161) (18,147) (18,153) (18,46) (18,101) (18,56) (18,21) (18,195) (18,26) (18,80) (18,27) (18,84) (18,145) (18,139) (18,115) (18,141) (18,38) (18,102) (18,174) (18,158) (18,146) (18,20) (18,79) (18,99) (18,119) (18,148) (18,177) (18,199) (18,92) (18,156) (18,169) (18,105) (18,66) (18,107)
 (19,82) (19,131) (19,110) (19,84) (19,28) (19,145) (19,135) (19,42) (19,23) (19,194) (19,144) (19,27) (19,64) (19,44) (19,106) (19,164) (19,154) (19,80) (19,95) (19,36) (19,94) (19,158) (19,136) (19,117) (19,168) (19,170) (19,179) (19,72) (19,47) (19,26) (19,105) (19,133) (19,161) (19,61) (19,116) (19,129) (19,173) (19,79) (19,137) (19,58) (19,139) (19,89) (19,156) (19,166) (19,103) (19,97) (19,189) (19,86) (19,115) (19,112) (19,157) (19,175) (19,55) (19,93) (19,99) (19,54) (19,128) (19,63) (19,45) (19,96) (19,163) (19,35) (19,181) (19,159) (19,33) (19,88)
 (20,195) (20,143) (20,72) (20,36) (20,94) (20,162) (20,188) (20,140) (20,147) (20,122) (20,172) (20,65) (20,114) (20,133) (20,44) (20,121) (20,142) (20,60) (20,168) (20,189) (20,63) (20,125) (20,93) (20,54) (20,61) (20,46) (20,39) (20,135) (20,155) (20,64) (20,21) (20,104) (20,200) (20,51) (20,70) (20,184) (20,32) (20,138) (20,128) (20,129) (20,47) (20,57) (20,161) (20,183) (20,154) (20,112) (20,29) (20,34) (20,117) (20,166) (20,42) (20,127)
 (21,46) (21,154) (21,159) (21,45) (21,133) (21,96) (21,49) (21,56) (21,194) (21,183) (21,65) (21,28) (21,164) (21,59) (21,120) (21,29) (21,156) (21,22) (21,173) (21,82) (21,110) (21,151) (21,191) (21,51) (21,64) (21,66) (21,33) (21,27) (21,38) (21,41) (21,102) (21,134) (21,34) (21,94) (21,115) (21,157) (21,90) (21,83) (21,91) (21,193) (21,78) (21,123) (21,166) (21,84) (21,24) (21,55) (21,25) (21,112) (21,149) (21,113) (21,67) (21,186) (21,174) (21,168) (21,158) (21,85) (21,144) (21,31) (21,58) (21,116) (21,114) (21,61) (21,163) (21,185) (21,128) (21,103) (21,152) (21,53) (21,76) (21,148) (21,54) (21,122)
 (22,116) (22,187) (22,72) (22,173) (22,182) (22,76) (22,44) (22,88) (22,191) (22,175) (22,64) (22,161) (22,108) (22,107) (22,87) (22,138) (22,124) (22,181) (22,153) (22,135) (22,136) (22,143) (22,83) (22,157) (22,189) (22,179) (22,145) (22,62) (22,35) (22,164) (22,46) (22,113) (22,159) (22,51) (22,70) (22,176) (22,67) (22,152) (22,117) (22,169) (22,177) (22,100) (22,155) (22,55) (22,186) (22,127) (22,166) (22,63) (22,103) (22,93) (22,163) (22,102) (22,96) (22,125)
 (23,91) (23,87) (23,102) (23,78) (23,118) (23,116) (23,73) (23,188) (23,75) (23,183) (23,168) (23,181) (23,192) (23,122) (23,52) (23,43) (23,104) (23,193) (23,121) (23,107) (23,144) (23,77) (23,56) (23,136) (23,101) (23,82) (23,119) (23,131) (23,166) (23,130) (23,38) (23,64) (23,152) (23,46) (23,165) (23,120) (23,110) (23,27) (23,197) (23,41) (23,37) (23,134) (23,111) (23,65) (23,199) (23,32) (23,85) (23,66) (23,50) (23,196) (23,93) (23,189) (23,123) (23,54) (23,74) (23,151) (23,80) (23,164) (23,24) (23,200) (23,124) (23,113) (23,132) (23,187) (23,100) (23,62) (23,150)
 (24,115) (24,134) (24,132) (24,118) (24,66) (24,116) (24,174) (24,58) (24,170) (24,41) (24,112) (24,152) (24,59) (24,34) (24,167) (24,169) (24,87) (24,101) (24,176) (24,180) (24,184) (24,105) (24,60) (24,79) (24,144) (24,81) (24,136) (24,99) (24,53) (24,199) (24,191) (24,31) (24,68) (24,77) (24,47) (24,55) (24,158) (24,26) (24,45) (24,54) (24,40) (24,129) (24,192) (24,153) (24,52) (24,163) (24,171) (24,109) (24,155) (24,98) (24,183) (24,114) (24,80) (24,90) (24,143) (24,70) (24,156) (24,122) (24,200) (24,165) (24,128) (24,72) (24,104) (24,29) (24,51) (24,145) (24,30)
 (25,92) (25,101) (25,128) (25,53) (25,40) (25,197) (25,134) (25,27) (25,100) (25,109) (25,66) (25,152) (25,88) (25,144) (25,46) (25,199) (25,37) (25,85) (25,102) (25,75) (25,117) (25,48) (25,162) (25,200) (25,97) (25,171) (25,67) (25,108) (25,90) (25,94) (25,130) (25,178) (25,111) (25,125) (25,78) (25,112) (25,82) (25,68) (25,81) (25,118) (25,157) (25,30) (25,39) (25,31) (25,161) (25,126) (25,155) (25,38) (25,151) (25,142) (25,42) (25,122) (25,45) (25,49) (25,64) (25,54) (25,148) (25,135) (25,191)
 (26,134) (26,180) (26,113) (26,31) (26,80) (26,99) (26,81) (26,164) (26,52) (26,92) (26,97) (26,88) (26,115) (26,91) (26,47) (26,131) (26,85) (26,55) (26,41) (26,60) (26,58) (26,152) (26,64) (26,129) (26,95) (26,89) (26,76) (26,37) (26,117) (26,68) (26,75) (26,146) (26,33) (26,70) (26,36) (26,137) (26,50) (26,187) (26,86) (26,96) (26,118) (26,46) (26,138) (26,109) (26,106) (26,176) (26,78) (26,100) (26,66) (26,181) (26,82) (26,185)
 (27,85) (27,128) (27,71) (27,105) (27,59) (27,94) (27,31) (27,145) (27,193) (27,180) (27,167) (27,147) (27,151) (27,118) (27,72) (27,48) (27,199) (27,110) (27,142) (27,36) (27,174) (27,149) (27,153) (27,134) (27,148) (27,30) (27,99) (27,159) (27,81) (27,157) (27,158) (27,195) (27,28) (27,168) (27,52) (27,51) (27,188) (27,55) (27,125) (27,64) (27,137) (27,116) (27,65) (27,178) (27,111) (27,155) (27,112) (27,146) (27,61) (27,63) (27,156) (27,183) (27,87) (27,119) (27,136) (27,170)
 (28,93) (28,79) (28,67) (28,88) (28,149) (28,160) (28,104) (28,179) (28,53) (28,129) (28,192) (28,33) (28,76) (28,141) (28,125) (28,96) (28,159) (28,83) (28,107) (28,148) (28,155) (28,122) (28,92) (28,146) (28,110) (28,87) (28,105) (28,114) (28,30) (28,119) (28,171) (28,142) (28,195) (28,98) (28,34) (28,177) (28,161) (28,113) (28,78) (28,185) (28,168) (28,156) (28,166) (28,176) (28,151) (28,103) (28,150) (28,135) (28,94) (28,200) (28,106) (28,49) (28,165) (28,182) (28,48) (28,100) (28,86) (28,190)
 (29,131) (29,112) (29,77) (29,136) (29,164) (29,162) (29,170) (29,187) (29,191) (29,166) (29,199) (29,125) (29,196) (29,94) (29,42) (29,173) (29,45) (29,146) (29,33) (29,56) (29,88) (29,169) (29,172) (29,89) (29,147) (29,135) (29,109) (29,150) (29,30) (29,79) (29,117) (29,102) (29,81) (29,43) (29,155) (29,55) (29,158) (29,37) (29,48) (29,97) (29,145) (29,184) (29,87) (29,75) (29,175) (29,52) (29,65) (29,163) (29,72) (29,93) (29,122) (29,39) (29,113) (29,126) (29,130) (29,62) (29,78) (29,70) (29,134) (29,141) (29,139) (29,181)
 (30,158) (30,65) (30,103) (30,136) (30,173) (30,183) (30,145) (30,117) (30,95) (30,165) (30,157) (30,71) (30,169) (30,186) (30,90) (30,135) (30,171) (30,53) (30,144) (30,81) (30,67) (30,177) (30,98) (30,198) (30,85) (30,99) (30,184) (30,143) (30,49) (30,63) (30,181) (30,138) (30,190) (30,193) (30,40) (30,45) (30,185) (30,113) (30,75) (30,89) (30,76) (30,48) (30,108) (30,194) (30,104) (30,200) (30,155) (30,167) (30,77) (30,168) (30,41) (30,100) (30,130) (30,57) (30,127) (30,73) (30,116) (30,51) (30,101) (30,172)
 (31,116) (31,123) (31,64) (31,173) (31,172) (31,72) (31,174) (31,151) (31,198) (31,50) (31,57) (31,53) (31,167) (31,102) (31,156) (31,150) (31,115) (31,60) (31,41) (31,192) (31,119) (31,165) (31,69) (31,103) (31,40) (31,157) (31,195) (31,122) (31,34) (31,187) (31,193) (31,121) (31,36) (31,166) (31,170) (31,184) (31,141) (31,147) (31,86) (31,95) (31,68) (31,117) (31,85) (31,142) (31,67) (31,61) (31,65) (31,83) (31,180) (31,39) (31,48) (31,137) (31,144)
 (32,126) (32,122) (32,155) (32,166) (32,169) (32,125) (32,82) (32,67) (32,178) (32,171) (32,52) (32,83) (32,118) (32,60) (32,139) (32,78) (32,140) (32,180) (32,141) (32,63) (32,196) (32,84) (32,145) (32,92) (32,61) (32,198) (32,57) (32,119) (32,117) (32,64) (32,47) (32,102) (32,66) (32,116) (32,170) (32,151) (32,189) (32,42) (32,81) (32,70) (32,110) (32,168) (32,134) (32,177) (32,181) (32,107) (32,91) (32,80) (32,53) (32,128) (32,68) (32,179) (32,87) (32,148)
 (33,61) (33,180) (33,87) (33,91) (33,159) (33,132) (33,44) (33,102) (33,74) (33,45) (33,114) (33,92) (33,37) (33,82) (33,42) (33,153) (33,198) (33,182) (33,53) (33,145) (33,85) (33,128) (33,77) (33,138) (33,76) (33,131) (33,36) (33,108) (33,190) (33,124) (33,174) (33,163) (33,196) (33,80) (33,175) (33,64) (33,83) (33,172) (33,146) (33,86) (33,119) (33,81) (33,49) (33,157) (33,189) (33,51) (33,150) (33,191) (33,54) (33,142)
 (34,181) (34,170) (34,89) (34,51) (34,151) (34,52) (34,176) (34,153) (34,121) (34,86) (34,114) (34,72) (34,50) (34,155) (34,120) (34,171) (34,133) (34,199) (34,67) (34,110) (34,150) (34,76) (34,70) (34,103) (34,44) (34,92) (34,63) (34,43) (34,56) (34,116) (34,177) (34,156) (34,111) (34,186) (34,117) (34,189) (34,47) (34,113) (34,139) (34,93) (34,49) (34,194) (34,166) (34,145) (34,173) (34,109) (34,40) (34,128) (34,99) (34,74) (34,179) (34,115) (34,125) (34,149) (34,185) (34,124) (34,66) (34,192) (34,107) (34,112) (34,168) (34,158) (34,190) (34,77) (34,152) (34,55) (34,60) (34,200) (34,140) (34,46) (34,188) (34,53) (34,162)
 (35,64) (35,43) (35,153) (35,81) (35,141) (35,95) (35,68) (35,75) (35,100) (35,48) (35,36) (35,144) (35,142) (35,89) (35,51) (35,146) (35,42) (35,143) (35,147) (35,152) (35,93) (35,96) (35,139) (35,38) (35,132) (35,181) (35,171) (35,177) (35,172) (35,78) (35,87) (35,112) (35,151) (35,58) (35,197) (35,47) (35,84) (35,182) (35,39) (35,65) (35,183) (35,114) (35,102) (35,162) (35,154) (35,72) (35,190) (35,174) (35,82) (35,56) (35,198) (35,159) (35,176) (35,117) (35,52) (35,130) (35,178) (35,106) (35,200) (35,164) (35,60) (35,109) (35,99)
 (36,59) (36,115) (36,200) (36,186) (36,44) (36,127) (36,153) (36,109) (36,194) (36,171) (36,184) (36,160) (36,63) (36,66) (36,86) (36,138) (36,87) (36,137) (36,37) (36,46) (36,152) (36,146) (36,175) (36,117) (36,163) (36,198) (36,97) (36,179) (36,92) (36,69) (36,98) (36,151) (36,159) (36,187) (36,128) (36,164) (36,131) (36,122) (36,102) (36,136) (36,145) (36,82) (36,77) (36,38) (36,126) (36,156) (36,71) (36,83) (36,130) (36,114) (36,62) (36,74) (36,85) (36,147) (36,166) (36,132) (36,107) (36,189) (36,89) (36,45) (36,161) (36,119)
 (37,176) (37,96) (37,160) (37,156) (37,117) (37,110) (37,90) (37,125) (37,81) (37,113) (37,64) (37,169) (37,185) (37,134) (37,198) (37,72) (37,199) (37,80) (37,46) (37,73) (37,88) (37,126) (37,179) (37,121) (37,191) (37,68) (37,129) (37,58) (37,181) (37,150) (37,144) (37,148) (37,149) (37,140) (37,116) (37,100) (37,84) (37,69) (37,94) (37,146) (37,104) (37,170) (37,119) (37,70) (37,75) (37,155) (37,102)
 (38,161) (38,127) (38,195) (38,106) (38,82) (38,48) (38,191) (38,116) (38,111) (38,55) (38,176) (38,132) (38,130) (38,97) (38,144) (38,118) (38,83) (38,41) (38,131) (38,150) (38,129) (38,122) (38,173) (38,196) (38,167) (38,148) (38,56) (38,177) (38,172) (38,137) (38,98) (38,151) (38,53) (38,186) (38,69) (38,67) (38,57) (38,160) (38,145) (38,136) (38,43) (38,200) (38,175) (38,88) (38,110) (38,101) (38,108) (38,182)
 (39,115) (39,194) (39,50) (39,147) (39,108) (39,138) (39,189) (39,200) (39,155) (39,137) (39,46) (39,109) (39,83) (39,164) (39,168) (39,117) (39,144) (39,185) (39,169) (39,132) (39,90) (39,56) (39,141) (39,70) (39,176) (39,154) (39,150) (39,191) (39,135) (39,93) (39,40) (39,124) (39,149) (39,120) (39,112) (39,60) (39,107) (39,129) (39,58) (39,69) (39,73) (39,100) (39,51) (39,110) (39,61) (39,118) (39,172) (39,179) (39,75) (39,192) (39,170) (39,195) (39,53) (39,67) (39,134)
 (40,110) (40,198) (40,114) (40,98) (40,93) (40,143) (40,151) (40,150) (40,149) (40,100) (40,138) (40,96) (40,179) (40,92) (40,140) (40,115) (40,67) (40,119) (40,80) (40,199) (40,117) (40,85) (40,127) (40,186) (40,178) (40,123) (40,101) (40,104) (40,56) (40,184) (40,89) (40,107) (40,155) (40,69) (40,50) (40,61) (40,44) (40,200) (40,181) (40,153) (40,97) (40,157) (40,106) (40,86) (40,161) (40,108) (40,185) (40,152) (40,57) (40,60) (40,137) (40,120) (40,51) (40,47) (40,68) (40,42)
 (41,137) (41,86) (41,131) (41,91) (41,125) (41,67) (41,76) (41,196) (41,75) (41,126) (41,103) (41,104) (41,90) (41,70) (41,121) (41,101) (41,143) (41,118) (41,88) (41,132) (41,150) (41,128) (41,129) (41,154) (41,97) (41,47) (41,61) (41,178) (41,73) (41,172) (41,168) (41,50) (41,161) (41,170) (41,120) (41,94) (41,185) (41,69) (41,157) (41,113) (41,100) (41,116) (41,93) (41,44) (41,57) (41,78) (41,74) (41,111) (41,158)
 (42,135) (42,100) (42,116) (42,195) (42,83) (42,120) (42,70) (42,76) (42,51) (42,160) (42,104) (42,191) (42,189) (42,138) (42,173) (42,166) (42,74) (42,97) (42,60) (42,162) (42,48) (42,73) (42,45) (42,69) (42,63) (42,44) (42,62) (42,159) (42,168) (42,119) (42,186) (42,89) (42,127) (42,93) (42,190) (42,91) (42,179) (42,55) (42,164) (42,147) (42,56) (42,82) (42,92) (42,61) (42,172) (42,165) (42,106) (42,180) (42,85) (42,158) (42,46) (42,43) (42,130) (42,194) (42,105) (42,103) (42,80) (42,47) (42,121) (42,140)
 (43,86) (43,67) (43,94) (43,196) (43,146) (43,59) (43,159) (43,50) (43,111) (43,54) (43,194) (43,158) (43,72) (43,123) (43,172) (43,178) (43,134) (43,183) (43,81) (43,162) (43,117) (43,130) (43,185) (43,118) (43,131) (43,78) (43,121) (43,71) (43,122) (43,80) (43,75) (43,95) (43,154) (43,65) (43,60) (43,51) (43,105) (43,115) (43,164) (43,92) (43,66) (43,173) (43,73) (43,199) (43,63) (43,87) (43,155) (43,187) (43,106) (43,126) (43,107) (43,137) (43,99) (43,110) (43,61) (43,108) (43,116)
 (44,71) (44,114) (44,181) (44,179) (44,102) (44,70) (44,85) (44,63) (44,168) (44,67) (44,119) (44,164) (44,157) (44,57) (44,191) (44,56) (44,95) (44,133) (44,83) (44,126) (44,171) (44,118) (44,120) (44,162) (44,155) (44,174) (44,72) (44,64) (44,124) (44,60) (44,151) (44,59) (44,166) (44,136) (44,150) (44,80) (44,87) (44,93) (44,58) (44,143) (44,184) (44,81) (44,109) (44,178)
 (45,190) (45,185) (45,161) (45,168) (45,147) (45,200) (45,112) (45,142) (45,150) (45,120) (45,188) (45,186) (45,110) (45,199) (45,72) (45,50) (45,187) (45,136) (45,103) (45,66) (45,58) (45,156) (45,46) (45,139) (45,91) (45,140) (45,95) (45,170) (45,98) (45,56) (45,195) (45,182) (45,49) (45,60) (45,160) (45,116) (45,128) (45,71) (45,69) (45,146) (45,169) (45,108) (45,163) (45,127) (45,155) (45,196) (45,93) (45,159) (45,191) (45,129) (45,63)
 (46,59) (46,91) (46,105) (46,117) (46,152) (46,166) (46,174) (46,191) (46,125) (46,77) (46,126) (46,157) (46,192) (46,109) (46,70) (46,146) (46,50) (46,89) (46,72) (46,197) (46,183) (46,98) (46,180) (46,162) (46,48) (46,143) (46,58) (46,113) (46,127) (46,123) (46,185) (46,148) (46,86) (46,199) (46,141) (46,73) (46,55) (46,63) (46,87) (46,159) (46,139) (46,163) (46,51) (46,97) (46,182)
 (47,123) (47,51) (47,149) (47,114) (47,142) (47,124) (47,67) (47,106) (47,58) (47,113) (47,197) (47,49) (47,168) (47,87) (47,175) (47,137) (47,148) (47,125) (47,136) (47,50) (47,198) (47,59) (47,76) (47,139) (47,132) (47,75) (47,145) (47,184) (47,157) (47,144) (47,63) (47,90) (47,162) (47,129) (47,180) (47,127) (47,107) (47,97) (47,69) (47,133) (47,185) (47,183)
 (48,182) (48,63) (48,165) (48,102) (48,134) (48,57) (48,111) (48,169) (48,146) (48,64) (48,129) (48,138) (48,142) (48,66) (48,105) (48,147) (48,143) (48,158) (48,198) (48,58) (48,154) (48,80) (48,119) (48,62) (48,65) (48,148) (48,93) (48,180) (48,49) (48,121) (48,196) (48,136) (48,75) (48,54) (48,117) (48,71) (48,189) (48,172) (48,83) (48,171) (48,77) (48,166) (48,72) (48,149) (48,173) (48,52) (48,98) (48,50) (48,56) (48,79) (48,151) (48,107) (48,195) (48,114) (48,87) (48,176) (48,181)
 (49,79) (49,73) (49,91) (49,190) (49,104) (49,170) (49,97) (49,89) (49,72) (49,197) (49,100) (49,153) (49,169) (49,83) (49,168) (49,178) (49,165) (49,64) (49,84) (49,182) (49,98) (49,149) (49,147) (49,157) (49,146) (49,87) (49,69) (49,131) (49,82) (49,80) (49,60) (49,191) (49,129) (49,77) (49,96) (49,67) (49,194) (49,192) (49,179) (49,85) (49,185) (49,120) (49,108) (49,92) (49,160) (49,75) (49,142) (49,180) (49,115) (49,106) (49,103) (49,52)
 (50,63) (50,83) (50,109) (50,193) (50,104) (50,61) (50,182) (50,185) (50,140) (50,151) (50,146) (50,176) (50,76) (50,177) (50,123) (50,71) (50,187) (50,196) (50,119) (50,114) (50,178) (50,164) (50,155) (50,115) (50,78) (50,100) (50,68) (50,72) (50,81) (50,99) (50,80) (50,125) (50,53) (50,60) (50,107) (50,130) (50,148) (50,170) (50,143) (50,96) (50,195) (50,181) (50,69) (50,136) (50,105) (50,167) (50,149) (50,66) (50,159) (50,150)
 (51,87) (51,180) (51,82) (51,63) (51,179) (51,139) (51,100) (51,56) (51,57) (51,133) (51,95) (51,117) (51,126) (51,84) (51,88) (51,152) (51,109) (51,58) (51,164) (51,123) (51,186) (51,183) (51,61) (51,54) (51,72) (51,149) (51,92) (51,104) (51,116) (51,64) (51,151) (51,162) (51,102) (51,125) (51,120) (51,148) (51,124) (51,137) (51,174) (51,185) (51,108) (51,75) (51,146) (51,67) (51,70) (51,113) (51,192) (51,157) (51,101) (51,103) (51,52) (51,153)
 (52,69) (52,133) (52,197) (52,196) (52,80) (52,61) (52,97) (52,152) (52,98) (52,77) (52,166) (52,185) (52,186) (52,194) (52,73) (52,189) (52,191) (52,177) (52,195) (52,64) (52,192) (52,122) (52,103) (52,74) (52,107) (52,165) (52,72) (52,63) (52,66) (52,126) (52,156) (52,141) (52,176) (52,91) (52,150) (52,60) (52,101) (52,54) (52,117) (52,157) (52,136) (52,178) (52,146) (52,58) (52,151) (52,78) (52,200) (52,113) (52,93) (52,158) (52,143) (52,198) (52,71) (52,118) (52,85) (52,179)
 (53,135) (53,195) (53,169) (53,67) (53,199) (53,107) (53,113) (53,58) (53,151) (53,149) (53,162) (53,109) (53,152) (53,173) (53,118) (53,64) (53,78) (53,194) (53,69) (53,180) (53,189) (53,79) (53,198) (53,181) (53,182) (53,175) (53,100) (53,63) (53,81) (53,76) (53,178) (53,68) (53,116) (53,93) (53,172) (53,83) (53,193) (53,112) (53,158) (53,167) (53,129) (53,62) (53,163) (53,124) (53,196) (53,57) (53,131) (53,87) (53,166) (53,185) (53,94) (53,168) (53,141) (53,92) (53,171) (53,164)
 (54,172) (54,95) (54,76) (54,167) (54,126) (54,156) (54,96) (54,55) (54,69) (54,162) (54,141) (54,189) (54,196) (54,56) (54,108) (54,75) (54,86) (54,77) (54,180) (54,184) (54,72) (54,158) (54,152) (54,163) (54,153) (54,111) (54,161) (54,115) (54,175) (54,100) (54,84) (54,61) (54,181) (54,174) (54,66) (54,142) (54,68) (54,195) (54,123) (54,160) (54,193)
 (55,124) (55,200) (55,159) (55,98) (55,135) (55,175) (55,185) (55,162) (55,161) (55,168) (55,193) (55,129) (55,147) (55,194) (55,94) (55,80) (55,178) (55,104) (55,153) (55,167) (55,78) (55,95) (55,81) (55,89) (55,165) (55,179) (55,141) (55,82) (55,184) (55,109) (55,156) (55,84) (55,112) (55,73) (55,177) (55,143) (55,160) (55,197) (55,199) (55,180) (55,140) (55,90) (55,146) (55,70) (55,188) (55,77) (55,93) (55,122) (55,63) (55,192) (55,131) (55,148) (55,56) (55,76) (55,111) (55,68) (55,83) (55,149)
 (56,179) (56,88) (56,164) (56,79) (56,137) (56,68) (56,101) (56,133) (56,127) (56,81) (56,199) (56,70) (56,192) (56,97) (56,168) (56,166) (56,74) (56,193) (56,151) (56,60) (56,194) (56,120) (56,104) (56,187) (56,71) (56,98) (56,114) (56,65) (56,140) (56,150) (56,75) (56,57) (56,200) (56,170) (56,144) (56,113) (56,118) (56,123) (56,108) (56,122) (56,158) (56,76) (56,73)
 (57,73) (57,173) (57,89) (57,83) (57,126) (57,160) (57,72) (57,109) (57,63) (57,170) (57,123) (57,164) (57,180) (57,186) (57,61) (57,103) (57,171) (57,159) (57,156) (57,82) (57,60) (57,142) (57,94) (57,181) (57,198) (57,187) (57,119) (57,74) (57,175) (57,129) (57,133) (57,106) (57,64) (57,99) (57,76) (57,161) (57,139) (57,138) (57,93) (57,120) (57,122) (57,194) (57,172) (57,179) (57,66) (57,136)
 (58,150) (58,136) (58,147) (58,127) (58,84) (58,131) (58,184) (58,160) (58,90) (58,137) (58,188) (58,178) (58,199) (58,156) (58,65) (58,99) (58,152) (58,132) (58,189) (58,80) (58,200) (58,164) (58,73) (58,109) (58,102) (58,179) (58,81) (58,122) (58,149) (58,66) (58,183) (58,194) (58,163) (58,172) (58,107) (58,91) (58,162) (58,141) (58,175) (58,170) (58,75) (58,181) (58,197) (58,169) (58,69) (58,154) (58,97) (58,139) (58,159) (58,157) (58,171) (58,108) (58,120) (58,89) (58,198)
 (59,155) (59,65) (59,93) (59,136) (59,83) (59,185) (59,130) (59,109) (59,118) (59,101) (59,151) (59,156) (59,165) (59,142) (59,147) (59,145) (59,90) (59,127) (59,119) (59,95) (59,84) (59,100) (59,138) (59,195) (59,85) (59,66) (59,102) (59,98) (59,108) (59,158) (59,135) (59,174) (59,126) (59,110) (59,198) (59,117) (59,139) (59,200) (59,125)
 (60,146) (60,135) (60,136) (60,171) (60,166) (60,165) (60,78) (60,147) (60,121) (60,84) (60,167) (60,93) (60,86) (60,159) (60,95) (60,191) (60,172) (60,180) (60,64) (60,138) (60,62) (60,90) (60,107) (60,153) (60,150) (60,193) (60,108) (60,197) (60,71) (60,81) (60,156) (60,142) (60,155) (60,98) (60,99) (60,79) (60,101) (60,196) (60,152) (60,77) (60,148) (60,185) (60,170) (60,127) (60,65) (60,76)
 (61,102) (61,167) (61,141) (61,135) (61,91) (61,157) (61,191) (61,107) (61,159) (61,154) (61,162) (61,145) (61,155) (61,122) (61,114) (61,172) (61,80) (61,133) (61,108) (61,186) (61,117) (61,147) (61,87) (61,176) (61,197) (61,181) (61,119) (61,71) (61,185) (61,74) (61,188) (61,129) (61,178) (61,168) (61,132) (61,140) (61,90) (61,158)
 (62,161) (62,85) (62,164) (62,101) (62,134) (62,188) (62,124) (62,181) (62,171) (62,123) (62,135) (62,93) (62,169) (62,72) (62,186) (62,145) (62,148) (62,63) (62,180) (62,139) (62,112) (62,196) (62,177) (62,78) (62,70) (62,146) (62,116) (62,138) (62,191) (62,183) (62,83) (62,142) (62,189) (62,109) (62,187) (62,200) (62,137) (62,150) (62,73) (62,158) (62,165) (62,126) (62,105) (62,108) (62,91) (62,82) (62,133) (62,140) (62,136) (62,199) (62,172) (62,107) (62,175) (62,89) (62,80) (62,127) (62,197) (62,193) (62,122)
 (63,199) (63,129) (63,85) (63,81) (63,111) (63,104) (63,101) (63,187) (63,146) (63,167) (63,131) (63,176) (63,186) (63,145) (63,112) (63,126) (63,88) (63,159) (63,89) (63,181) (63,158) (63,149) (63,128) (63,174) (63,140) (63,76) (63,188) (63,98) (63,155) (63,66) (63,193) (63,103) (63,194) (63,71) (63,173) (63,147) (63,64) (63,65) (63,75) (63,86) (63,80) (63,106) (63,172)
 (64,184) (64,130) (64,182) (64,149) (64,68) (64,67) (64,177) (64,72) (64,152) (64,79) (64,87) (64,81) (64,131) (64,163) (64,100) (64,147) (64,117) (64,132) (64,91) (64,83) (64,158) (64,69) (64,191) (64,144) (64,105) (64,78) (64,151) (64,70) (64,167) (64,114) (64,92) (64,186) (64,109) (64,111) (64,190) (64,101) (64,75) (64,180) (64,178) (64,198) (64,195) (64,194) (64,168) (64,95) (64,123) (64,156)
 (65,118) (65,158) (65,93) (65,131) (65,179) (65,175) (65,105) (65,163) (65,132) (65,174) (65,123) (65,136) (65,155) (65,156) (65,196) (65,116) (65,183) (65,69) (65,180) (65,98) (65,165) (65,84) (65,142) (65,71) (65,89) (65,74) (65,88) (65,190) (65,200) (65,147) (65,182) (65,153) (65,85) (65,186) (65,129) (65,117) (65,102) (65,90) (65,101) (65,144) (65,145) (65,181) (65,143) (65,104) (65,177) (65,159) (65,149)
 (66,170) (66,107) (66,126) (66,89) (66,100) (66,185) (66,155) (66,175) (66,137) (66,140) (66,117) (66,136) (66,120) (66,111) (66,196) (66,82) (66,119) (66,118) (66,122) (66,142) (66,69) (66,91) (66,90) (66,71) (66,94) (66,84) (66,73) (66,183) (66,173) (66,83) (66,77) (66,138) (66,157) (66,200) (66,141) (66,134) (66,150) (66,70) (66,115) (66,124) (66,79) (66,101) (66,163) (66,96) (66,129)
 (67,96) (67,74) (67,99) (67,160) (67,145) (67,78) (67,92) (67,133) (67,176) (67,100) (67,130) (67,194) (67,189) (67,182) (67,111) (67,147) (67,198) (67,121) (67,161) (67,73) (67,192) (67,157) (67,155) (67,91) (67,125) (67,149) (67,101) (67,190) (67,128) (67,169) (67,118) (67,132) (67,138) (67,179) (67,146) (67,167) (67,70) (67,135)
 (68,147) (68,88) (68,183) (68,134) (68,110) (68,75) (68,109) (68,82) (68,102) (68,177) (68,189) (68,89) (68,192) (68,104) (68,199) (68,127) (68,90) (68,170) (68,97) (68,141) (68,148) (68,112) (68,69) (68,100) (68,153) (68,74) (68,158) (68,172) (68,70) (68,151) (68,145) (68,155) (68,91) (68,114) (68,117) (68,95) (68,156) (68,188) (68,161) (68,178)
 (69,101) (69,119) (69,99) (69,118) (69,196) (69,71) (69,169) (69,157) (69,123) (69,126) (69,91) (69,192) (69,175) (69,198) (69,116) (69,156) (69,141) (69,84) (69,130) (69,139) (69,131) (69,199) (69,93) (69,178) (69,181) (69,162) (69,92) (69,167) (69,177) (69,133) (69,104) (69,105) (69,106) (69,165) (69,129) (69,148) (69,81) (69,100) (69,138) (69,180) (69,147) (69,112) (69,200) (69,132) (69,193) (69,184) (69,153) (69,140) (69,88) (69,152)
 (70,162) (70,116) (70,95) (70,130) (70,168) (70,188) (70,142) (70,163) (70,121) (70,124) (70,189) (70,165) (70,145) (70,140) (70,72) (70,134) (70,75) (70,107) (70,152) (70,132) (70,154) (70,127) (70,170) (70,111) (70,112) (70,143) (70,175) (70,86) (70,158) (70,139) (70,157) (70,85) (70,76) (70,91) (70,155) (70,90) (70,173) (70,178) (70,197) (70,153) (70,82) (70,192) (70,181) (70,83) (70,144) (70,194) (70,186) (70,113) (70,176) (70,167)
 (71,181) (71,86) (71,97) (71,178) (71,87) (71,174) (71,101) (71,102) (71,196) (71,164) (71,122) (71,125) (71,182) (71,92) (71,183) (71,78) (71,176) (71,158) (71,98) (71,200) (71,166) (71,160) (71,173) (71,93) (71,138) (71,172) (71,193) (71,199) (71,148) (71,146) (71,99) (71,88) (71,133) (71,168) (71,188) (71,75) (71,194) (71,134) (71,76) (71,195) (71,129) (71,197) (71,185) (71,142)
 (72,107) (72,162) (72,183) (72,89) (72,96) (72,166) (72,118) (72,165) (72,200) (72,125) (72,135) (72,110) (72,175) (72,141) (72,92) (72,137) (72,129) (72,108) (72,81) (72,122) (72,192) (72,84) (72,83) (72,170) (72,191) (72,195) (72,95) (72,88) (72,99) (72,154) (72,172) (72,130) (72,138) (72,151) (72,188) (72,86) (72,171) (72,167) (72,85) (72,147) (72,169) (72,75)
 (73,191) (73,119) (73,165) (73,190) (73,93) (73,83) (73,158) (73,189) (73,141) (73,183) (73,92) (73,111) (73,150) (73,136) (73,88) (73,154) (73,139) (73,167) (73,169) (73,160) (73,146) (73,133) (73,161) (73,125) (73,177) (73,194) (73,180) (73,193) (73,97) (73,200) (73,159) (73,99) (73,126) (73,135) (73,89) (73,153) (73,118) (73,86) (73,129) (73,155) (73,143) (73,184)
 (74,156) (74,188) (74,171) (74,168) (74,80) (74,151) (74,191) (74,100) (74,159) (74,145) (74,126) (74,150) (74,190) (74,149) (74,197) (74,101) (74,133) (74,109) (74,139) (74,99) (74,122) (74,110) (74,84) (74,141) (74,113) (74,77) (74,165) (74,146) (74,169) (74,158) (74,144) (74,79) (74,86) (74,124) (74,98) (74,180) (74,167) (74,185) (74,119) (74,115)
 (75,95) (75,156) (75,196) (75,92) (75,124) (75,154) (75,146) (75,132) (75,184) (75,138) (75,105) (75,153) (75,194) (75,187) (75,198) (75,152) (75,189) (75,85) (75,173) (75,141) (75,165) (75,200) (75,182) (75,133) (75,103) (75,163) (75,119) (75,140) (75,185) (75,195) (75,129) (75,91) (75,148) (75,193) (75,89) (75,191) (75,135) (75,161) (75,120) (75,100) (75,93) (75,121) (75,110)
 (76,190) (76,194) (76,159) (76,128) (76,120) (76,155) (76,183) (76,152) (76,186) (76,160) (76,133) (76,170) (76,102) (76,86) (76,180) (76,163) (76,147) (76,158) (76,91) (76,179) (76,84) (76,162) (76,98) (76,85) (76,175) (76,125) (76,142) (76,174) (76,193) (76,93) (76,146) (76,92) (76,164) (76,80) (76,169) (76,171) (76,173) (76,182) (76,116) (76,117) (76,124)
 (77,120) (77,173) (77,130) (77,131) (77,156) (77,108) (77,172) (77,164) (77,158) (77,197) (77,170) (77,137) (77,175) (77,81) (77,168) (77,100) (77,110) (77,99) (77,182) (77,136) (77,162) (77,114) (77,141) (77,95) (77,144) (77,161) (77,192) (77,88) (77,174) (77,123) (77,187) (77,115) (77,147) (77,180) (77,177) (77,169) (77,102) (77,79) (77,112) (77,171) (77,194) (77,122) (77,184)
 (78,93) (78,162) (78,129) (78,115) (78,144) (78,125) (78,198) (78,166) (78,103) (78,80) (78,86) (78,168) (78,141) (78,167) (78,156) (78,96) (78,140) (78,89) (78,126) (78,131) (78,164) (78,132) (78,94) (78,175) (78,172) (78,149) (78,134) (78,84) (78,130) (78,133) (78,159) (78,160) (78,163) (78,185) (78,92) (78,146) (78,196) (78,143) (78,106) (78,200) (78,161)
 (79,192) (79,124) (79,159) (79,154) (79,194) (79,155) (79,98) (79,134) (79,133) (79,179) (79,81) (79,149) (79,127) (79,84) (79,125) (79,116) (79,160) (79,107) (79,183) (79,138) (79,86) (79,94) (79,112) (79,128) (79,151) (79,145) (79,118) (79,169) (79,132) (79,109) (79,130) (79,100) (79,153) (79,95) (79,140) (79,190) (79,182) (79,102) (79,174)
 (80,186) (80,87) (80,132) (80,167) (80,200) (80,195) (80,153) (80,141) (80,89) (80,179) (80,176) (80,123) (80,81) (80,140) (80,112) (80,108) (80,159) (80,133) (80,151) (80,165) (80,182) (80,185) (80,175) (80,184) (80,188) (80,88) (80,131) (80,82) (80,106) (80,129) (80,96) (80,143) (80,148) (80,105) (80,92) (80,191) (80,192) (80,183) (80,170) (80,180) (80,178)
 (81,179) (81,165) (81,181) (81,198) (81,94) (81,158) (81,84) (81,102) (81,142) (81,112) (81,100) (81,175) (81,173) (81,188) (81,166) (81,114) (81,193) (81,182) (81,135) (81,180) (81,107) (81,89) (81,127) (81,86) (81,97) (81,106) (81,118) (81,104) (81,172) (81,151) (81,110) (81,130) (81,119) (81,187) (81,189)
 (82,84) (82,197) (82,145) (82,118) (82,161) (82,93) (82,115) (82,175) (82,117) (82,141) (82,126) (82,158) (82,130) (82,140) (82,110) (82,180) (82,107) (82,137) (82,177) (82,144) (82,199) (82,134) (82,194) (82,103) (82,151) (82,171) (82,179) (82,100) (82,99) (82,122) (82,92) (82,136) (82,153) (82,91) (82,119) (82,124)
 (83,166) (83,95) (83,185) (83,131) (83,141) (83,132) (83,195) (83,135) (83,124) (83,100) (83,165) (83,87) (83,177) (83,145) (83,170) (83,127) (83,197) (83,192) (83,156) (83,167) (83,91) (83,174) (83,198) (83,107) (83,150) (83,146) (83,126) (83,134) (83,88) (83,138) (83,153) (83,114) (83,112) (83,92) (83,179) (83,99) (83,184)
 (84,155) (84,88) (84,200) (84,94) (84,192) (84,131) (84,164) (84,172) (84,157) (84,92) (84,170) (84,106) (84,136) (84,102) (84,107) (84,152) (84,99) (84,196) (84,130) (84,113) (84,173) (84,104) (84,125) (84,121) (84,177) (84,141) (84,139) (84,175) (84,111) (84,181) (84,188) (84,184) (84,159) (84,86)
 (85,91) (85,178) (85,128) (85,176) (85,90) (85,147) (85,162) (85,192) (85,190) (85,172) (85,112) (85,100) (85,143) (85,181) (85,146) (85,95) (85,166) (85,187) (85,169) (85,118) (85,139) (85,200) (85,163) (85,114) (85,123) (85,173) (85,89) (85,168) (85,199) (85,188) (85,94) (85,157) (85,86) (85,127) (85,182) (85,133) (85,110)
 (86,148) (86,97) (86,188) (86,117) (86,186) (86,87) (86,138) (86,88) (86,146) (86,200) (86,174) (86,172) (86,166) (86,196) (86,106) (86,111) (86,89) (86,158) (86,163) (86,142) (86,125) (86,129) (86,99) (86,161) (86,177) (86,105) (86,193) (86,131) (86,116) (86,167) (86,135) (86,195) (86,102) (86,100) (86,152) (86,147)
 (87,104) (87,154) (87,107) (87,145) (87,165) (87,185) (87,144) (87,156) (87,135) (87,116) (87,123) (87,137) (87,139) (87,106) (87,157) (87,93) (87,172) (87,118) (87,163) (87,108) (87,91) (87,94) (87,114) (87,159) (87,191) (87,142) (87,153) (87,128) (87,174) (87,138) (87,117) (87,166) (87,98)
 (88,161) (88,108) (88,172) (88,127) (88,118) (88,183) (88,125) (88,100) (88,166) (88,143) (88,147) (88,92) (88,91) (88,102) (88,111) (88,157) (88,112) (88,188) (88,99) (88,150) (88,175) (88,148) (88,134) (88,162) (88,106) (88,101) (88,97) (88,124) (88,95) (88,173) (88,182) (88,93)
 (89,104) (89,96) (89,110) (89,146) (89,160) (89,121) (89,150) (89,196) (89,173) (89,178) (89,151) (89,143) (89,126) (89,115) (89,163) (89,95) (89,123) (89,124) (89,195) (89,153) (89,156) (89,171) (89,152) (89,129) (89,154) (89,141) (89,179) (89,169) (89,111) (89,130) (89,134) (89,193) (89,102) (89,122) (89,180) (89,97)
 (90,190) (90,199) (90,184) (90,182) (90,166) (90,103) (90,175) (90,187) (90,125) (90,197) (90,134) (90,120) (90,192) (90,93) (90,121) (90,146) (90,142) (90,113) (90,168) (90,176) (90,153) (90,117) (90,101) (90,148) (90,172) (90,109) (90,158) (90,144) (90,155) (90,150) (90,195) (90,164) (90,123) (90,104) (90,99) (90,161) (90,97) (90,177)
 (91,111) (91,124) (91,94) (91,162) (91,106) (91,182) (91,127) (91,100) (91,195) (91,97) (91,135) (91,102) (91,139) (91,145) (91,198) (91,153) (91,163) (91,152) (91,92) (91,93) (91,122) (91,156) (91,168) (91,173) (91,197) (91,169) (91,114) (91,193) (91,175)
 (92,125) (92,177) (92,114) (92,107) (92,197) (92,143) (92,100) (92,170) (92,118) (92,158) (92,148) (92,184) (92,179) (92,178) (92,175) (92,138) (92,101) (92,112) (92,173) (92,106) (92,128) (92,135) (92,122) (92,103) (92,185) (92,105) (92,163) (92,199) (92,159) (92,146) (92,167) (92,96) (92,97)
 (93,167) (93,166) (93,94) (93,108) (93,123) (93,169) (93,179) (93,101) (93,165) (93,176) (93,137) (93,150) (93,184) (93,143) (93,195) (93,136) (93,120) (93,134) (93,157) (93,197) (93,172) (93,102) (93,189) (93,188) (93,193) (93,178) (93,112) (93,182) (93,100) (93,155) (93,186) (93,98) (93,173) (93,151) (93,168)
 (94,159) (94,139) (94,121) (94,193) (94,144) (94,174) (94,115) (94,140) (94,110) (94,167) (94,162) (94,180) (94,112) (94,131) (94,108) (94,198) (94,96) (94,166) (94,141) (94,100) (94,117) (94,122) (94,104) (94,194) (94,136) (94,103) (94,189) (94,168) (94,173) (94,97) (94,170) (94,119) (94,190) (94,102) (94,155) (94,150) (94,183) (94,101) (94,129)
 (95,116) (95,111) (95,118) (95,172) (95,196) (95,138) (95,173) (95,198) (95,200) (95,110) (95,142) (95,101) (95,158) (95,128) (95,100) (95,151) (95,163) (95,164) (95,189) (95,107) (95,185) (95,167) (95,160) (95,105) (95,127) (95,182) (95,106) (95,170) (95,191) (95,132) (95,108) (95,125) (95,187) (95,194) (95,199) (95,179) (95,131) (95,96) (95,155) (95,104)
 (96,175) (96,111) (96,137) (96,113) (96,149) (96,142) (96,154) (96,158) (96,122) (96,182) (96,189) (96,181) (96,167) (96,159) (96,139) (96,194) (96,110) (96,127) (96,107) (96,130) (96,187) (96,178) (96,160) (96,155) (96,144) (96,176) (96,198) (96,102) (96,131) (96,103) (96,117) (96,97) (96,119)
 (97,169) (97,166) (97,132) (97,138) (97,140) (97,111) (97,107) (97,101) (97,160) (97,124) (97,182) (97,197) (97,192) (97,170) (97,154) (97,161) (97,176) (97,183) (97,173) (97,153) (97,131) (97,148) (97,134) (97,151) (97,184) (97,115) (97,110) (97,116) (97,200)
 (98,174) (98,100) (98,199) (98,191) (98,177) (98,149) (98,136) (98,122) (98,170) (98,183) (98,134) (98,145) (98,157) (98,142) (98,147) (98,114) (98,180) (98,138) (98,112) (98,125) (98,135) (98,160) (98,167) (98,106) (98,126) (98,124) (98,102) (98,197) (98,192) (98,154) (98,117) (98,103) (98,110) (98,186) (98,194) (98,164) (98,115)
 (99,171) (99,122) (99,160) (99,121) (99,187) (99,148) (99,120) (99,129) (99,196) (99,141) (99,133) (99,191) (99,100) (99,118) (99,139) (99,147) (99,126) (99,183) (99,159) (99,163) (99,132) (99,123) (99,162) (99,164) (99,135) (99,199) (99,182) (99,195) (99,158) (99,156) (99,112) (99,103) (99,137) (99,155) (99,161) (99,168) (99,157) (99,119) (99,170) (99,190) (99,108) (99,115)
 (100,148) (100,117) (100,144) (100,134) (100,105) (100,173) (100,167) (100,146) (100,169) (100,193) (100,176) (100,142) (100,120) (100,157) (100,184) (100,199) (100,179) (100,189) (100,186) (100,190) (100,168) (100,143) (100,108) (100,102) (100,136) (100,188) (100,128) (100,174) (100,138)
 (101,184) (101,130) (101,154) (101,194) (101,104) (101,173) (101,169) (101,121) (101,103) (101,129) (101,198) (101,109) (101,185) (101,131) (101,123) (101,179) (101,195) (101,200) (101,124) (101,189) (101,113) (101,117) (101,162) (101,159) (101,147) (101,166) (101,161) (101,135) (101,134) (101,188) (101,142) (101,175) (101,177) (101,110) (101,141)
 (102,140) (102,114) (102,121) (102,188) (102,176) (102,143) (102,200) (102,108) (102,192) (102,134) (102,183) (102,132) (102,137) (102,166) (102,157) (102,153) (102,185) (102,150) (102,179) (102,149) (102,156) (102,198) (102,171) (102,123) (102,178) (102,106) (102,129) (102,142) (102,116) (102,162) (102,144) (102,107) (102,172) (102,125) (102,180)
 (103,141) (103,158) (103,148) (103,109) (103,138) (103,146) (103,159) (103,180) (103,173) (103,165) (103,175) (103,157) (103,145) (103,130) (103,131) (103,169) (103,114) (103,197) (103,154) (103,190) (103,127) (103,124) (103,192) (103,119) (103,174) (103,170) (103,142) (103,167) (103,107) (103,179) (103,115) (103,110)
 (104,110) (104,119) (104,136) (104,151) (104,190) (104,184) (104,114) (104,181) (104,133) (104,146) (104,160) (104,139) (104,198) (104,167) (104,155) (104,168) (104,118) (104,123) (104,107) (104,153) (104,144) (104,140) (104,164) (104,183) (104,135) (104,149) (104,196) (104,152) (104,121) (104,187) (104,124) (104,174) (104,197) (104,195)
 (105,197) (105,186) (105,155) (105,142) (105,117) (105,189) (105,134) (105,113) (105,200) (105,196) (105,183) (105,177) (105,140) (105,109) (105,169) (105,182) (105,187) (105,150) (105,172) (105,137) (105,108) (105,159) (105,116) (105,130) (105,145) (105,107) (105,161) (105,119) (105,148) (105,146) (105,194) (105,157) (105,124) (105,168) (105,166) (105,173) (105,163) (105,199) (105,133) (105,181)
 (106,120) (106,159) (106,129) (106,189) (106,172) (106,197) (106,124) (106,183) (106,166) (106,169) (106,170) (106,192) (106,171) (106,167) (106,112) (106,139) (106,174) (106,115) (106,140) (106,190) (106,156) (106,109) (106,160) (106,117) (106,200) (106,155) (106,144) (106,121)
 (107,182) (107,153) (107,120) (107,179) (107,133) (107,130) (107,142) (107,148) (107,111) (107,187) (107,152) (107,143) (107,139) (107,186) (107,150) (107,155) (107,114) (107,196) (107,200) (107,158) (107,198) (107,160) (107,115) (107,168) (107,138) (107,199) (107,193) (107,178) (107,109)
 (108,182) (108,168) (108,133) (108,154) (108,120) (108,161) (108,185) (108,152) (108,150) (108,197) (108,139) (108,156) (108,130) (108,163) (108,165) (108,172) (108,194) (108,121) (108,136) (108,175) (108,160) (108,145) (108,113) (108,110) (108,193) (108,164) (108,118) (108,174) (108,157) (108,190) (108,158) (108,116) (108,138) (108,189) (108,146) (108,178) (108,187)
 (109,196) (109,164) (109,153) (109,130) (109,131) (109,123) (109,139) (109,182) (109,147) (109,124) (109,192) (109,193) (109,160) (109,110) (109,183) (109,149) (109,137) (109,195) (109,197) (109,175) (109,148) (109,170) (109,184) (109,138) (109,120) (109,156) (109,144) (109,155) (109,166) (109,145) (109,116) (109,140) (109,186) (109,114) (109,111) (109,188) (109,157)
 (110,117) (110,142) (110,135) (110,186) (110,200) (110,129) (110,137) (110,164) (110,182) (110,180) (110,193) (110,191) (110,121) (110,153) (110,155) (110,128) (110,156) (110,127) (110,115) (110,185) (110,134) (110,181) (110,136) (110,173) (110,162) (110,161)
 (111,145) (111,199) (111,168) (111,112) (111,179) (111,140) (111,162) (111,115) (111,120) (111,175) (111,135) (111,128) (111,183) (111,176) (111,187) (111,131) (111,125) (111,181) (111,194) (111,141) (111,198) (111,185) (111,184) (111,163) (111,117) (111,169) (111,155) (111,152) (111,193) (111,149) (111,136)
 (112,119) (112,175) (112,184) (112,178) (112,194) (112,173) (112,140) (112,142) (112,190) (112,130) (112,196) (112,124) (112,158) (112,180) (112,133) (112,125) (112,195) (112,176) (112,127) (112,157) (112,182) (112,154) (112,199) (112,179) (112,153) (112,134) (112,174) (112,117) (112,141) (112,189)
 (113,137) (113,152) (113,192) (113,175) (113,123) (113,176) (113,154) (113,133) (113,122) (113,178) (113,194) (113,155) (113,144) (113,159) (113,132) (113,148) (113,174) (113,186) (113,161) (113,147) (113,200) (113,183) (113,130) (113,116) (113,127)
 (114,170) (114,176) (114,149) (114,157) (114,123) (114,174) (114,139) (114,184) (114,121) (114,197) (114,127) (114,119) (114,175) (114,153) (114,185) (114,168) (114,200) (114,145) (114,124) (114,195) (114,155) (114,137) (114,192) (114,125) (114,156) (114,126) (114,163) (114,178) (114,194) (114,172)
 (115,198) (115,176) (115,128) (115,150) (115,172) (115,174) (115,192) (115,177) (115,143) (115,166) (115,193) (115,138) (115,156) (115,197) (115,129) (115,182) (115,167) (115,137) (115,190) (115,186) (115,178) (115,117) (115,144) (115,169) (115,168) (115,185) (115,171) (115,147)
 (116,152) (116,200) (116,195) (116,145) (116,123) (116,120) (116,178) (116,189) (116,154) (116,174) (116,151) (116,131) (116,199) (116,173) (116,180) (116,161) (116,119) (116,128) (116,118) (116,183) (116,117) (116,137) (116,159) (116,172) (116,155) (116,136) (116,166) (116,193) (116,190) (116,157) (116,132) (116,135)
 (117,163) (117,181) (117,189) (117,124) (117,185) (117,135) (117,183) (117,164) (117,142) (117,150) (117,146) (117,177) (117,170) (117,187) (117,191) (117,132) (117,148) (117,144) (117,138) (117,134) (117,178) (117,118) (117,175) (117,120) (117,159) (117,152) (117,168)
 (118,163) (118,190) (118,147) (118,157) (118,135) (118,194) (118,169) (118,198) (118,162) (118,127) (118,191) (118,131) (118,138) (118,136) (118,134) (118,174) (118,168) (118,179) (118,180) (118,151) (118,123) (118,142) (118,167) (118,126) (118,170) (118,129) (118,199) (118,143) (118,177) (118,159) (118,196) (118,124) (118,133) (118,128) (118,158)
 (119,167) (119,155) (119,134) (119,166) (119,143) (119,128) (119,173) (119,148) (119,168) (119,126) (119,146) (119,172) (119,136) (119,123) (119,174) (119,133) (119,198) (119,151) (119,150) (119,138) (119,184) (119,191) (119,161) (119,122) (119,149) (119,129) (119,162) (119,141)
 (120,123) (120,182) (120,186) (120,136) (120,135) (120,183) (120,190) (120,174) (120,196) (120,153) (120,130) (120,141) (120,127) (120,199) (120,187) (120,180) (120,156) (120,198) (120,184) (120,128) (120,155) (120,158) (120,169) (120,192) (120,134) (120,163) (120,168) (120,144)
 (121,124) (121,131) (121,135) (121,146) (121,160) (121,199) (121,179) (121,159) (121,128) (121,122) (121,166) (121,132) (121,138) (121,161) (121,189) (121,133) (121,167) (121,150) (121,177) (121,129) (121,141) (121,163) (121,171) (121,178) (121,139) (121,173) (121,147) (121,144)
 (122,147) (122,167) (122,188) (122,130) (122,185) (122,191) (122,149) (122,158) (122,145) (122,174) (122,127) (122,154) (122,166) (122,187) (122,173) (122,128) (122,140) (122,195) (122,134) (122,138) (122,146) (122,135) (122,182) (122,168)
 (123,151) (123,166) (123,173) (123,177) (123,164) (123,158) (123,159) (123,133) (123,194) (123,124) (123,174) (123,125) (123,167) (123,181) (123,193) (123,136) (123,132) (123,195) (123,165) (123,150) (123,190) (123,176) (123,140) (123,143) (123,187) (123,141)
 (124,128) (124,174) (124,180) (124,167) (124,131) (124,189) (124,129) (124,155) (124,137) (124,135) (124,144) (124,176) (124,162) (124,133) (124,164) (124,170) (124,161) (124,196) (124,182) (124,181) (124,152)
 (125,158) (125,199) (125,191) (125,149) (125,161) (125,180) (125,130) (125,164) (125,152) (125,178) (125,132) (125,145) (125,134) (125,138) (125,127) (125,167) (125,177) (125,143) (125,176) (125,140) (125,153) (125,146) (125,187)
 (126,171) (126,196) (126,145) (126,175) (126,166) (126,153) (126,161) (126,200) (126,127) (126,194) (126,139) (126,151) (126,137) (126,158) (126,131) (126,154) (126,152) (126,184) (126,182) (126,130) (126,181) (126,186) (126,185) (126,138) (126,149)
 (127,200) (127,159) (127,179) (127,158) (127,195) (127,131) (127,145) (127,174) (127,128) (127,173) (127,197) (127,186) (127,185) (127,165) (127,149) (127,171) (127,167) (127,199) (127,162)
 (128,183) (128,129) (128,136) (128,144) (128,160) (128,155) (128,189) (128,159) (128,194) (128,199) (128,140) (128,157) (128,137) (128,177) (128,138) (128,188) (128,165) (128,146) (128,198) (128,170) (128,156) (128,190) (128,174) (128,173) (128,152) (128,180) (128,169)
 (129,174) (129,176) (129,187) (129,155) (129,170) (129,182) (129,172) (129,191) (129,164) (129,134) (129,197) (129,200) (129,149) (129,166) (129,161) (129,133) (129,136) (129,142)
 (130,132) (130,146) (130,167) (130,160) (130,194) (130,190) (130,157) (130,133) (130,140) (130,154) (130,150) (130,144) (130,196) (130,173) (130,183) (130,152) (130,155)
 (131,164) (131,147) (131,166) (131,157) (131,148) (131,165) (131,170) (131,156) (131,140) (131,163) (131,186) (131,133) (131,179) (131,149) (131,151) (131,176) (131,144) (131,197)
 (132,200) (132,137) (132,145) (132,195) (132,140) (132,161) (132,191) (132,199) (132,179) (132,198) (132,133) (132,184) (132,188) (132,172) (132,189) (132,197) (132,183) (132,151) (132,180) (132,187) (132,182) (132,144) (132,166)
 (133,199) (133,158) (133,167) (133,143) (133,175) (133,185) (133,138) (133,181) (133,169) (133,152) (133,136) (133,156) (133,166) (133,168) (133,139) (133,177) (133,162) (133,163) (133,178) (133,148) (133,151)
 (134,188) (134,191) (134,145) (134,153) (134,147) (134,178) (134,150) (134,190) (134,159) (134,160) (134,144) (134,194) (134,149) (134,148) (134,180) (134,137) (134,199) (134,196) (134,166) (134,184) (134,197) (134,168) (134,186) (134,135) (134,192)
 (135,137) (135,195) (135,200) (135,180) (135,164) (135,140) (135,136) (135,182) (135,175) (135,145) (135,191) (135,186) (135,194) (135,152) (135,178) (135,168) (135,165) (135,193) (135,167) (135,143) (135,159) (135,198)
 (136,189) (136,193) (136,154) (136,174) (136,183) (136,184) (136,175) (136,180) (136,157) (136,153) (136,196) (136,168) (136,195) (136,142) (136,144) (136,161) (136,143) (136,177) (136,171) (136,138) (136,199)
 (137,178) (137,160) (137,150) (137,152) (137,192) (137,200) (137,153) (137,173) (137,168) (137,199) (137,187) (137,194) (137,139) (137,185) (137,166) (137,167) (137,156) (137,151) (137,198) (137,148) (137,158) (137,165) (137,170)
 (138,150) (138,160) (138,154) (138,191) (138,159) (138,186) (138,149) (138,162) (138,173) (138,196) (138,185) (138,174) (138,165) (138,176) (138,187) (138,197) (138,184)
 (139,178) (139,195) (139,191) (139,157) (139,145) (139,171) (139,194) (139,197) (139,150) (139,166) (139,155) (139,176) (139,143) (139,146) (139,152) (139,190) (139,183)
 (140,194) (140,145) (140,185) (140,163) (140,170) (140,149) (140,157) (140,159) (140,147) (140,142) (140,146) (140,169) (140,184) (140,175) (140,151) (140,178)
 (141,162) (141,161) (141,156) (141,142) (141,148) (141,164) (141,167) (141,171) (141,182) (141,180) (141,153) (141,188) (141,150) (141,196) (141,163) (141,166) (141,181) (141,173) (141,169) (141,199) (141,151) (141,189)
 (142,163) (142,195) (142,159) (142,157) (142,161) (142,160) (142,150) (142,180) (142,167) (142,147) (142,188) (142,156) (142,191) (142,144) (142,182) (142,170)
 (143,190) (143,145) (143,162) (143,182) (143,166) (143,180) (143,168) (143,164) (143,149) (143,174) (143,157) (143,144) (143,192) (143,188) (143,176) (143,199) (143,187)
 (144,157) (144,149) (144,154) (144,145) (144,170) (144,162) (144,173) (144,172) (144,151) (144,168) (144,163) (144,152) (144,148) (144,200) (144,194) (144,160) (144,153)
 (145,198) (145,184) (145,158) (145,159) (145,175) (145,171) (145,189) (145,192) (145,195) (145,154) (145,164)
 (146,164) (146,165) (146,190) (146,176) (146,181) (146,195) (146,169) (146,174) (146,156) (146,168) (146,199) (146,200) (146,167) (146,160) (146,179) (146,155) (146,163) (146,172) (146,198) (146,185) (146,170)
 (147,191) (147,179) (147,148) (147,178) (147,160) (147,169) (147,155) (147,183) (147,185) (147,182) (147,153) (147,172) (147,162) (147,192) (147,161) (147,197) (147,189) (147,175) (147,196) (147,170) (147,167) (147,176) (147,186)
 (148,177) (148,154) (148,165) (148,192) (148,188) (148,168) (148,187) (148,160) (148,172) (148,180)
 (149,182) (149,200) (149,188) (149,184) (149,161) (149,195) (149,185) (149,175) (149,170) (149,193) (149,174) (149,156) (149,160) (149,166) (149,192) (149,183)
 (150,153) (150,192) (150,180) (150,171) (150,182) (150,178) (150,181) (150,194) (150,177) (150,189) (150,179) (150,170) (150,183) (150,200) (150,164) (150,195) (150,166) (150,155) (150,196)
 (151,168) (151,177) (151,191) (151,152) (151,179) (151,161) (151,190) (151,186) (151,174) (151,196) (151,166) (151,180) (151,193) (151,194) (151,164) (151,183) (151,176) (151,167) (151,153)
 (152,161) (152,191) (152,162) (152,156) (152,155) (152,181) (152,187) (152,167) (152,178) (152,196) (152,198) (152,200) (152,160) (152,168) (152,183) (152,176)
 (153,196) (153,173) (153,159) (153,177) (153,163) (153,158) (153,160) (153,164) (153,200) (153,171) (153,165) (153,161) (153,176) (153,178) (153,174) (153,183) (153,189) (153,172) (153,162)
 (154,190) (154,195) (154,164) (154,156) (154,179) (154,178) (154,166) (154,170) (154,176) (154,177) (154,183) (154,180) (154,167)
 (155,173) (155,190) (155,186) (155,168) (155,185) (155,171) (155,176) (155,191) (155,183) (155,161) (155,188)
 (156,172) (156,174) (156,161) (156,185) (156,171) (156,191) (156,165) (156,157) (156,176) (156,187) (156,195) (156,192) (156,179) (156,160) (156,175) (156,188)
 (157,174) (157,192) (157,188) (157,177) (157,179) (157,180) (157,161) (157,195) (157,173) (157,176) (157,191) (157,162) (157,158)
 (158,181) (158,163) (158,200) (158,179) (158,160) (158,175) (158,184) (158,170) (158,195) (158,167) (158,166) (158,187) (158,188) (158,159)
 (159,196) (159,194) (159,166) (159,167) (159,188) (159,195) (159,164) (159,173) (159,198) (159,170) (159,182)
 (160,183) (160,195) (160,187) (160,198) (160,199) (160,180) (160,172) (160,192) (160,186) (160,170) (160,178) (160,174)
 (161,182) (161,190) (161,191) (161,192) (161,178) (161,171) (161,166) (161,181) (161,177)
 (162,189) (162,182) (162,181) (162,195) (162,199) (162,165) (162,175) (162,177)
 (163,185) (163,188) (163,197) (163,192) (163,193) (163,182) (163,195) (163,177) (163,194) (163,165)
 (164,182) (164,200) (164,192) (164,170) (164,166) (164,174) (164,194) (164,169) (164,197) (164,165) (164,190)
 (165,180) (165,177) (165,189) (165,173) (165,195) (165,199) (165,196) (165,179) (165,192) (165,198) (165,167) (165,182) (165,175) (165,197) (165,190) (165,184) (165,200) (165,186) (165,193)
 (166,175) (166,189) (166,195) (166,186) (166,178) (166,180) (166,192) (166,171) (166,169) (166,176) (166,196)
 (167,180) (167,182) (167,177) (167,200) (167,181) (167,178) (167,196) (167,192) (167,173) (167,168) (167,174) (167,169) (167,195)
 (168,169) (168,198) (168,183) (168,196) (168,186) (168,180) (168,175) (168,182) (168,176) (168,178) (168,194) (168,179)
 (169,186) (169,188) (169,177) (169,200) (169,192) (169,178) (169,180) (169,185) (169,195) (169,199) (169,175) (169,187) (169,184) (169,182) (169,194)
 (170,200) (170,177) (170,181) (170,193) (170,197) (170,184) (170,175) (170,189) (170,174) (170,183) (170,172) (170,190)
 (171,182) (171,178) (171,195) (171,177) (171,198) (171,194) (171,184) (171,190) (171,183) (171,181)
 (172,191) (172,178) (172,190) (172,198) (172,182) (172,181) (172,173) (172,185) (172,195) (172,177)
 (173,193) (173,179) (173,178) (173,200) (173,199) (173,197) (173,195) (173,190) (173,182) (173,184) (173,174)
 (174,188) (174,192) (174,186) (174,198) (174,179) (174,197) (174,180)
 (175,176) (175,200) (175,178) (175,190) (175,184) (175,199)
 (176,185) (176,196) (176,179) (176,183) (176,188) (176,197) (176,187) (176,192)
 (177,186) (177,189) (177,188) (177,194) (177,182) (177,187)
 (178,192) (178,193) (178,179) (178,181)
 (179,189) (179,199) (179,194) (179,188) (179,182) (179,185) (179,196)
 (180,192) (180,199) (180,189) (180,181) (180,187) (180,186) (180,183)
 (181,184) (181,185) (181,193) (181,192) (181,182) (181,186) (181,188) (181,183) (181,189)
 (182,198) (182,200) (182,191) (182,199) (182,185) (182,197) (182,187)
 (183,191) (183,197) (183,185) (183,186) (183,184) (183,196) (183,190) (183,189) (183,187)
 (184,199) (184,196) (184,194) (184,189)
 (185,191) (185,189) (185,187) (185,199) (185,193)
 (186,198) (186,193) (186,195) (186,187) (186,189) (186,197)
 (187,198) (187,191) (187,199) (187,192) (187,197)
 (188,198) (188,197) (188,200) (188,190)
 (189,198) (189,190)
 (190,196) (190,194) (190,198) (190,200)
 (191,197) (191,194) (191,196) (191,195)
 (192,199) (192,194)
 (193,198) (193,200)
 (194,195)
 (195,200) (195,198)
 (196,199)


 (199,200)

;

end;
