# n200d03p2i2.txt

# 14 cluster
param p := 14 ;

# 200 vertici
set V := 
 1 2 3 4 5 6 7 8 9 10 11 12 13 14 15 16 17 18 19 20 21 22 23 24 25 26 27 28 29 30 31 32 33 34 35 36 37 38 39 40 41 42 43 44 45 46 47 48 49 50 51 52 53 54 55 56 57 58 59 60 61 62 63 64 65 66 67 68 69 70 71 72 73 74 75 76 77 78 79 80 81 82 83 84 85 86 87 88 89 90 91 92 93 94 95 96 97 98 99 100 101 102 103 104 105 106 107 108 109 110 111 112 113 114 115 116 117 118 119 120 121 122 123 124 125 126 127 128 129 130 131 132 133 134 135 136 137 138 139 140 141 142 143 144 145 146 147 148 149 150 151 152 153 154 155 156 157 158 159 160 161 162 163 164 165 166 167 168 169 170 171 172 173 174 175 176 177 178 179 180 181 182 183 184 185 186 187 188 189 190 191 192 193 194 195 196 197 198 199 200
;

param w := 
  1    1
  2    2
  3    3
  4    4
  5    4
  6    4
  7    5
  8    8
  9    9
 10   10
 11   11
 12   12
 13   12
 14   15
 15   16
 16   17
 17   19
 18   19
 19   21
 20   22
 21   23
 22   23
 23   24
 24   24
 25   25
 26   25
 27   26
 28   26
 29   27
 30   27
 31   27
 32   31
 33   31
 34   31
 35   35
 36   35
 37   36
 38   36
 39   37
 40   39
 41   39
 42   40
 43   41
 44   42
 45   42
 46   43
 47   43
 48   44
 49   45
 50   48
 51   48
 52   50
 53   51
 54   52
 55   52
 56   53
 57   53
 58   53
 59   56
 60   56
 61   57
 62   57
 63   58
 64   59
 65   59
 66   61
 67   63
 68   64
 69   64
 70   65
 71   65
 72   76
 73   77
 74   77
 75   77
 76   78
 77   78
 78   79
 79   79
 80   80
 81   81
 82   81
 83   82
 84   83
 85   83
 86   83
 87   86
 88   86
 89   86
 90   88
 91   89
 92   90
 93   90
 94   91
 95   92
 96   95
 97   95
 98   96
 99  100
100  100
101  101
102  101
103  102
104  103
105  104
106  104
107  104
108  105
109  106
110  107
111  108
112  109
113  113
114  114
115  116
116  117
117  119
118  122
119  123
120  124
121  125
122  125
123  126
124  126
125  126
126  127
127  128
128  128
129  129
130  131
131  132
132  133
133  133
134  136
135  137
136  137
137  139
138  139
139  141
140  142
141  144
142  144
143  145
144  145
145  146
146  146
147  147
148  148
149  149
150  151
151  151
152  151
153  152
154  153
155  155
156  155
157  157
158  157
159  160
160  161
161  161
162  162
163  162
164  164
165  165
166  166
167  167
168  169
169  169
170  171
171  171
172  171
173  171
174  171
175  172
176  173
177  173
178  174
179  174
180  174
181  177
182  177
183  180
184  181
185  183
186  185
187  185
188  188
189  190
190  190
191  190
192  191
193  191
194  192
195  193
196  196
197  196
198  197
199  198
200  198
;

# 13266 lati
set E := 
 (1,70) (1,14) (1,151) (1,29) (1,161) (1,79) (1,53) (1,43) (1,25) (1,54) (1,198) (1,65) (1,91) (1,94) (1,193) (1,182) (1,95) (1,10) (1,102) (1,194) (1,101) (1,155) (1,36) (1,195) (1,26) (1,89) (1,147) (1,168) (1,126) (1,72) (1,121) (1,47) (1,196) (1,17) (1,57) (1,186) (1,120) (1,40) (1,64) (1,106) (1,96) (1,148) (1,12) (1,16) (1,44) (1,175) (1,125) (1,39) (1,170) (1,83) (1,176) (1,28) (1,158) (1,169) (1,164) (1,131) (1,58) (1,62) (1,97) (1,127)
 (2,179) (2,199) (2,163) (2,139) (2,195) (2,88) (2,81) (2,82) (2,62) (2,64) (2,178) (2,133) (2,12) (2,48) (2,101) (2,23) (2,154) (2,193) (2,120) (2,147) (2,114) (2,73) (2,156) (2,89) (2,59) (2,52) (2,160) (2,92) (2,182) (2,67) (2,8) (2,40) (2,134) (2,41) (2,17) (2,34) (2,146) (2,112) (2,70) (2,135) (2,189) (2,68) (2,54) (2,30) (2,172) (2,96) (2,115) (2,49) (2,33) (2,55) (2,162) (2,4) (2,155) (2,126) (2,185) (2,106) (2,108) (2,103) (2,36) (2,79) (2,124) (2,113) (2,171) (2,32)
 (3,5) (3,9) (3,160) (3,150) (3,159) (3,35) (3,83) (3,108) (3,188) (3,78) (3,119) (3,142) (3,33) (3,68) (3,24) (3,132) (3,42) (3,126) (3,74) (3,94) (3,16) (3,115) (3,92) (3,173) (3,122) (3,11) (3,137) (3,189) (3,199) (3,7) (3,125) (3,113) (3,20) (3,121) (3,65) (3,127) (3,111) (3,39) (3,97) (3,99) (3,146) (3,165) (3,109) (3,117) (3,77) (3,176) (3,54) (3,106) (3,96) (3,61) (3,29) (3,38) (3,118) (3,174) (3,85) (3,197) (3,64) (3,141) (3,36) (3,18) (3,40)
 (4,33) (4,90) (4,152) (4,144) (4,17) (4,12) (4,29) (4,72) (4,74) (4,32) (4,10) (4,81) (4,52) (4,60) (4,183) (4,112) (4,117) (4,138) (4,97) (4,147) (4,185) (4,57) (4,114) (4,141) (4,200) (4,159) (4,98) (4,166) (4,140) (4,105) (4,78) (4,175) (4,195) (4,146) (4,153) (4,99) (4,119) (4,9) (4,169) (4,8) (4,96) (4,13) (4,28) (4,27) (4,123) (4,80) (4,174) (4,127) (4,5) (4,176) (4,156) (4,49) (4,76) (4,100) (4,143) (4,122) (4,88) (4,108) (4,38)
 (5,162) (5,63) (5,34) (5,184) (5,58) (5,99) (5,85) (5,154) (5,66) (5,97) (5,30) (5,52) (5,172) (5,188) (5,104) (5,132) (5,175) (5,81) (5,170) (5,75) (5,119) (5,44) (5,142) (5,86) (5,72) (5,169) (5,127) (5,83) (5,64) (5,123) (5,138) (5,65) (5,179) (5,171) (5,122) (5,181) (5,106) (5,173) (5,109) (5,22) (5,9) (5,156) (5,200) (5,17) (5,168) (5,61) (5,43) (5,60) (5,145)
 (6,186) (6,154) (6,190) (6,105) (6,158) (6,114) (6,75) (6,94) (6,47) (6,117) (6,119) (6,103) (6,100) (6,84) (6,81) (6,13) (6,23) (6,27) (6,162) (6,70) (6,175) (6,90) (6,122) (6,182) (6,40) (6,72) (6,115) (6,65) (6,83) (6,142) (6,159) (6,151) (6,56) (6,85) (6,95) (6,79) (6,200) (6,82) (6,141) (6,171) (6,86) (6,24) (6,127) (6,49) (6,71) (6,108) (6,170) (6,118) (6,10) (6,102) (6,74) (6,64) (6,80) (6,163) (6,54) (6,191) (6,66) (6,176) (6,52) (6,26) (6,11) (6,130) (6,188) (6,18) (6,97) (6,15) (6,179)
 (7,34) (7,157) (7,37) (7,137) (7,178) (7,54) (7,162) (7,161) (7,61) (7,139) (7,87) (7,155) (7,165) (7,168) (7,138) (7,117) (7,169) (7,59) (7,20) (7,10) (7,66) (7,130) (7,189) (7,179) (7,67) (7,58) (7,25) (7,172) (7,95) (7,105) (7,9) (7,158) (7,182) (7,175) (7,177) (7,183) (7,98) (7,38) (7,106) (7,21) (7,163) (7,181) (7,121) (7,56) (7,136) (7,150) (7,132) (7,131) (7,156) (7,71) (7,86) (7,23) (7,120) (7,91) (7,100) (7,166) (7,176) (7,30) (7,35) (7,174) (7,104) (7,17) (7,14) (7,92) (7,101) (7,110) (7,22) (7,160) (7,141)
 (8,186) (8,10) (8,20) (8,190) (8,81) (8,181) (8,31) (8,13) (8,44) (8,188) (8,28) (8,120) (8,159) (8,131) (8,114) (8,29) (8,14) (8,187) (8,57) (8,126) (8,104) (8,83) (8,68) (8,99) (8,35) (8,138) (8,24) (8,32) (8,119) (8,27) (8,200) (8,19) (8,148) (8,37) (8,117) (8,144) (8,71) (8,111) (8,145) (8,82) (8,163) (8,26) (8,128) (8,175) (8,67) (8,141) (8,80) (8,197) (8,158) (8,122) (8,115) (8,86) (8,51) (8,101) (8,15) (8,47) (8,91) (8,185) (8,142) (8,147)
 (9,84) (9,19) (9,71) (9,177) (9,79) (9,52) (9,42) (9,152) (9,70) (9,153) (9,63) (9,24) (9,122) (9,133) (9,47) (9,176) (9,80) (9,118) (9,99) (9,65) (9,58) (9,86) (9,97) (9,197) (9,30) (9,92) (9,105) (9,50) (9,89) (9,27) (9,171) (9,198) (9,140) (9,113) (9,137) (9,94) (9,25) (9,123) (9,159) (9,90) (9,136) (9,175) (9,194) (9,77) (9,114) (9,141) (9,193) (9,145) (9,191) (9,104) (9,163) (9,78) (9,166) (9,88) (9,87) (9,134) (9,93) (9,68) (9,17) (9,74) (9,20) (9,160) (9,180) (9,106)
 (10,193) (10,173) (10,196) (10,102) (10,62) (10,147) (10,179) (10,26) (10,43) (10,156) (10,135) (10,65) (10,67) (10,121) (10,171) (10,27) (10,105) (10,85) (10,88) (10,181) (10,185) (10,113) (10,190) (10,108) (10,37) (10,172) (10,22) (10,49) (10,98) (10,12) (10,15) (10,55) (10,46) (10,100) (10,68) (10,189) (10,192) (10,199) (10,107) (10,36) (10,168) (10,195) (10,77) (10,56) (10,18) (10,170) (10,17) (10,112) (10,155) (10,165) (10,81) (10,64) (10,159) (10,140) (10,14) (10,198) (10,177) (10,114) (10,19) (10,58) (10,28)
 (11,132) (11,108) (11,14) (11,67) (11,24) (11,146) (11,12) (11,19) (11,153) (11,193) (11,177) (11,130) (11,35) (11,125) (11,31) (11,121) (11,94) (11,148) (11,151) (11,134) (11,170) (11,76) (11,197) (11,104) (11,147) (11,128) (11,194) (11,68) (11,96) (11,184) (11,105) (11,80) (11,66) (11,64) (11,122) (11,40) (11,163) (11,77) (11,36) (11,178) (11,75) (11,160) (11,117) (11,195) (11,172) (11,99) (11,59) (11,162) (11,175) (11,167) (11,174) (11,173) (11,127) (11,27) (11,109)
 (12,159) (12,102) (12,142) (12,162) (12,151) (12,52) (12,14) (12,90) (12,75) (12,13) (12,28) (12,128) (12,27) (12,70) (12,17) (12,152) (12,59) (12,62) (12,190) (12,104) (12,54) (12,200) (12,183) (12,35) (12,89) (12,48) (12,19) (12,198) (12,115) (12,187) (12,25) (12,111) (12,156) (12,85) (12,40) (12,199) (12,77) (12,150) (12,23) (12,112) (12,51) (12,81) (12,74) (12,188) (12,161) (12,195) (12,174) (12,178) (12,101) (12,185) (12,171) (12,76) (12,131) (12,24) (12,16) (12,184) (12,46) (12,95) (12,44) (12,103) (12,196) (12,146) (12,45) (12,34) (12,18) (12,32) (12,176) (12,168)
 (13,80) (13,126) (13,151) (13,129) (13,22) (13,181) (13,142) (13,168) (13,135) (13,100) (13,200) (13,34) (13,185) (13,18) (13,140) (13,16) (13,174) (13,166) (13,178) (13,143) (13,38) (13,139) (13,65) (13,97) (13,156) (13,56) (13,20) (13,15) (13,162) (13,37) (13,198) (13,39) (13,58) (13,72) (13,99) (13,182) (13,60) (13,57) (13,93) (13,159) (13,193) (13,26) (13,195) (13,148) (13,103) (13,107) (13,134) (13,141) (13,192) (13,138) (13,167) (13,177) (13,122) (13,149) (13,183) (13,51) (13,28) (13,53) (13,191) (13,188) (13,79) (13,89) (13,124) (13,47) (13,155)
 (14,100) (14,91) (14,118) (14,122) (14,160) (14,59) (14,193) (14,30) (14,178) (14,83) (14,66) (14,132) (14,49) (14,163) (14,185) (14,196) (14,194) (14,169) (14,139) (14,128) (14,130) (14,172) (14,145) (14,181) (14,45) (14,190) (14,182) (14,70) (14,187) (14,121) (14,135) (14,61) (14,101) (14,52) (14,79) (14,127) (14,161) (14,62) (14,27) (14,149) (14,174) (14,93) (14,17) (14,134) (14,57) (14,152) (14,129) (14,140) (14,173) (14,155) (14,110) (14,125) (14,154) (14,153) (14,80) (14,85) (14,103)
 (15,150) (15,126) (15,16) (15,193) (15,158) (15,97) (15,23) (15,177) (15,34) (15,169) (15,124) (15,18) (15,109) (15,147) (15,24) (15,139) (15,81) (15,91) (15,122) (15,85) (15,151) (15,194) (15,163) (15,19) (15,55) (15,88) (15,80) (15,20) (15,76) (15,25) (15,152) (15,178) (15,190) (15,195) (15,148) (15,33) (15,41) (15,48) (15,113) (15,133) (15,131) (15,53) (15,101) (15,43) (15,103) (15,30) (15,173) (15,146) (15,117) (15,44) (15,66) (15,179) (15,172) (15,127) (15,21) (15,143) (15,182) (15,90) (15,73) (15,144) (15,188) (15,106) (15,32) (15,86) (15,107) (15,67) (15,134) (15,141) (15,60) (15,52) (15,87) (15,121)
 (16,185) (16,81) (16,186) (16,197) (16,59) (16,75) (16,166) (16,150) (16,71) (16,42) (16,35) (16,109) (16,172) (16,139) (16,65) (16,149) (16,135) (16,173) (16,125) (16,164) (16,144) (16,29) (16,33) (16,184) (16,19) (16,137) (16,154) (16,51) (16,46) (16,191) (16,79) (16,126) (16,20) (16,17) (16,190) (16,120) (16,181) (16,62) (16,140) (16,182) (16,57) (16,40) (16,87) (16,146) (16,178) (16,24) (16,23) (16,142) (16,73) (16,145) (16,177) (16,161) (16,159) (16,180) (16,128) (16,179) (16,138) (16,115) (16,171) (16,156) (16,136) (16,21) (16,63) (16,43) (16,165) (16,92) (16,94) (16,195)
 (17,59) (17,85) (17,178) (17,179) (17,107) (17,163) (17,180) (17,62) (17,165) (17,128) (17,196) (17,162) (17,34) (17,27) (17,73) (17,184) (17,145) (17,103) (17,43) (17,140) (17,41) (17,101) (17,105) (17,94) (17,95) (17,58) (17,126) (17,39) (17,118) (17,32) (17,25) (17,121) (17,158) (17,66) (17,98) (17,147) (17,63) (17,35) (17,139) (17,132) (17,143) (17,133) (17,200) (17,146) (17,141) (17,75) (17,76) (17,84) (17,113) (17,187) (17,22) (17,80) (17,55) (17,157) (17,151) (17,19) (17,50)
 (18,155) (18,25) (18,48) (18,66) (18,78) (18,27) (18,122) (18,143) (18,158) (18,34) (18,198) (18,84) (18,157) (18,118) (18,75) (18,115) (18,51) (18,184) (18,193) (18,37) (18,31) (18,91) (18,149) (18,60) (18,195) (18,180) (18,126) (18,59) (18,20) (18,136) (18,125) (18,88) (18,55) (18,106) (18,141) (18,127) (18,92) (18,72) (18,161) (18,30) (18,153) (18,135) (18,138) (18,41) (18,144) (18,98) (18,191) (18,124) (18,107) (18,171) (18,123) (18,56) (18,96) (18,42) (18,64) (18,134) (18,186) (18,139) (18,194) (18,71) (18,40) (18,36) (18,45) (18,148) (18,110) (18,185) (18,24) (18,99) (18,112) (18,169) (18,76) (18,188)
 (19,56) (19,153) (19,98) (19,37) (19,174) (19,184) (19,180) (19,45) (19,132) (19,181) (19,198) (19,21) (19,73) (19,133) (19,138) (19,38) (19,107) (19,76) (19,86) (19,147) (19,61) (19,99) (19,96) (19,117) (19,44) (19,178) (19,54) (19,88) (19,103) (19,159) (19,185) (19,195) (19,135) (19,22) (19,118) (19,120) (19,89) (19,67) (19,125) (19,69) (19,28) (19,122) (19,100) (19,57) (19,101) (19,48) (19,173) (19,65) (19,175) (19,34) (19,93) (19,167) (19,81) (19,104) (19,105) (19,143) (19,192) (19,109)
 (20,171) (20,81) (20,49) (20,32) (20,85) (20,24) (20,198) (20,172) (20,193) (20,64) (20,183) (20,92) (20,186) (20,108) (20,127) (20,58) (20,87) (20,56) (20,50) (20,159) (20,47) (20,141) (20,175) (20,54) (20,199) (20,31) (20,103) (20,22) (20,113) (20,161) (20,65) (20,110) (20,144) (20,196) (20,109) (20,67) (20,185) (20,125) (20,191) (20,182) (20,130) (20,28) (20,143) (20,106) (20,84) (20,57) (20,99) (20,139) (20,154) (20,168) (20,111) (20,38) (20,136) (20,114) (20,34) (20,95) (20,117) (20,105) (20,177) (20,174) (20,75) (20,167) (20,39) (20,23) (20,181) (20,97) (20,115) (20,120) (20,25) (20,26)
 (21,73) (21,61) (21,43) (21,88) (21,44) (21,46) (21,124) (21,68) (21,49) (21,25) (21,174) (21,127) (21,81) (21,187) (21,172) (21,136) (21,162) (21,180) (21,34) (21,125) (21,184) (21,70) (21,156) (21,150) (21,86) (21,48) (21,158) (21,95) (21,146) (21,134) (21,104) (21,138) (21,22) (21,147) (21,179) (21,183) (21,93) (21,59) (21,189) (21,47) (21,84) (21,55) (21,121) (21,167) (21,53) (21,100) (21,195) (21,185) (21,103) (21,65) (21,116) (21,198) (21,87) (21,192) (21,194) (21,126) (21,80) (21,108) (21,29)
 (22,67) (22,130) (22,28) (22,154) (22,150) (22,145) (22,74) (22,49) (22,137) (22,139) (22,160) (22,37) (22,50) (22,185) (22,35) (22,123) (22,132) (22,194) (22,59) (22,121) (22,128) (22,112) (22,91) (22,127) (22,135) (22,43) (22,199) (22,152) (22,24) (22,184) (22,85) (22,187) (22,104) (22,36) (22,71) (22,68) (22,149) (22,122) (22,148) (22,65) (22,57) (22,96) (22,110) (22,54) (22,58) (22,83) (22,95) (22,107) (22,192) (22,168) (22,29) (22,99) (22,159) (22,163) (22,183) (22,180) (22,101) (22,116) (22,34) (22,92) (22,77) (22,181) (22,151) (22,93) (22,76) (22,94)
 (23,77) (23,158) (23,44) (23,193) (23,127) (23,132) (23,92) (23,125) (23,85) (23,122) (23,48) (23,156) (23,70) (23,159) (23,175) (23,161) (23,160) (23,110) (23,99) (23,68) (23,149) (23,37) (23,168) (23,51) (23,45) (23,171) (23,135) (23,76) (23,57) (23,82) (23,73) (23,186) (23,172) (23,191) (23,173) (23,33) (23,137) (23,121) (23,106) (23,183) (23,52) (23,152) (23,151) (23,162) (23,100) (23,129) (23,164) (23,93) (23,96) (23,103) (23,200) (23,40) (23,58) (23,35) (23,179) (23,55) (23,64) (23,141) (23,80) (23,157) (23,147) (23,71)
 (24,155) (24,193) (24,147) (24,80) (24,27) (24,28) (24,81) (24,82) (24,161) (24,167) (24,197) (24,130) (24,168) (24,192) (24,48) (24,180) (24,132) (24,52) (24,164) (24,94) (24,142) (24,33) (24,146) (24,34) (24,158) (24,83) (24,181) (24,63) (24,60) (24,128) (24,111) (24,61) (24,157) (24,196) (24,134) (24,74) (24,190) (24,178) (24,62) (24,183) (24,137) (24,71) (24,78) (24,67) (24,187) (24,191) (24,143) (24,103) (24,87) (24,89) (24,104) (24,31) (24,194) (24,101) (24,84) (24,138) (24,76) (24,90) (24,189) (24,55) (24,26)
 (25,48) (25,125) (25,52) (25,80) (25,193) (25,128) (25,37) (25,87) (25,51) (25,185) (25,145) (25,101) (25,40) (25,122) (25,69) (25,150) (25,47) (25,157) (25,76) (25,186) (25,46) (25,171) (25,179) (25,57) (25,110) (25,160) (25,86) (25,132) (25,104) (25,159) (25,55) (25,162) (25,127) (25,184) (25,29) (25,108) (25,30) (25,164) (25,149) (25,84) (25,168) (25,147) (25,172) (25,146) (25,107) (25,49) (25,142) (25,63) (25,41) (25,131) (25,182) (25,195) (25,61) (25,199) (25,144) (25,114) (25,92) (25,137) (25,31) (25,176) (25,156) (25,111)
 (26,36) (26,118) (26,34) (26,195) (26,128) (26,77) (26,32) (26,108) (26,158) (26,145) (26,166) (26,93) (26,68) (26,146) (26,87) (26,132) (26,79) (26,60) (26,143) (26,62) (26,125) (26,156) (26,185) (26,167) (26,55) (26,139) (26,71) (26,115) (26,124) (26,96) (26,147) (26,54) (26,74) (26,90) (26,197) (26,106) (26,99) (26,51) (26,176) (26,200) (26,127) (26,89) (26,153) (26,81) (26,52) (26,173) (26,141) (26,160) (26,178) (26,53) (26,98) (26,179) (26,174) (26,191) (26,39) (26,42)
 (27,48) (27,100) (27,147) (27,86) (27,70) (27,143) (27,95) (27,131) (27,135) (27,196) (27,109) (27,126) (27,74) (27,194) (27,157) (27,107) (27,98) (27,145) (27,182) (27,40) (27,163) (27,53) (27,118) (27,32) (27,159) (27,156) (27,124) (27,187) (27,52) (27,171) (27,33) (27,55) (27,134) (27,146) (27,183) (27,97) (27,188) (27,57) (27,190) (27,61) (27,177) (27,153) (27,101) (27,73) (27,113) (27,69) (27,137) (27,76) (27,158) (27,170) (27,49) (27,71) (27,192) (27,72) (27,161) (27,28) (27,115) (27,169) (27,35) (27,125) (27,96) (27,36) (27,29) (27,127) (27,59)
 (28,187) (28,109) (28,133) (28,89) (28,173) (28,146) (28,154) (28,73) (28,102) (28,182) (28,142) (28,178) (28,147) (28,160) (28,135) (28,156) (28,53) (28,116) (28,78) (28,87) (28,167) (28,63) (28,164) (28,112) (28,31) (28,174) (28,96) (28,86) (28,38) (28,152) (28,60) (28,190) (28,143) (28,71) (28,67) (28,49) (28,46) (28,197) (28,69) (28,33) (28,123) (28,51) (28,169) (28,191) (28,162) (28,139) (28,43) (28,141) (28,88) (28,103) (28,55) (28,54) (28,81) (28,193) (28,110) (28,140) (28,74) (28,124) (28,68) (28,195) (28,57) (28,84) (28,41) (28,80) (28,194) (28,130) (28,34) (28,179) (28,184) (28,82)
 (29,125) (29,109) (29,188) (29,44) (29,169) (29,147) (29,108) (29,90) (29,177) (29,168) (29,76) (29,135) (29,94) (29,72) (29,110) (29,34) (29,159) (29,38) (29,132) (29,143) (29,146) (29,149) (29,183) (29,95) (29,78) (29,88) (29,191) (29,181) (29,107) (29,166) (29,61) (29,178) (29,120) (29,137) (29,54) (29,73) (29,98) (29,85) (29,139) (29,145) (29,198) (29,103) (29,116) (29,77) (29,151) (29,106) (29,35) (29,69) (29,83) (29,167) (29,150) (29,55) (29,179) (29,52) (29,45)
 (30,87) (30,113) (30,191) (30,73) (30,101) (30,189) (30,199) (30,108) (30,138) (30,117) (30,187) (30,40) (30,141) (30,91) (30,139) (30,183) (30,197) (30,103) (30,118) (30,151) (30,60) (30,112) (30,133) (30,57) (30,39) (30,64) (30,142) (30,171) (30,180) (30,185) (30,41) (30,42) (30,177) (30,157) (30,175) (30,194) (30,200) (30,168) (30,33) (30,98) (30,143) (30,192) (30,107) (30,153) (30,162) (30,154) (30,158) (30,37)
 (31,68) (31,126) (31,91) (31,74) (31,113) (31,192) (31,39) (31,146) (31,84) (31,167) (31,152) (31,159) (31,46) (31,193) (31,134) (31,87) (31,55) (31,73) (31,80) (31,79) (31,184) (31,64) (31,137) (31,149) (31,76) (31,170) (31,186) (31,75) (31,196) (31,148) (31,119) (31,35) (31,181) (31,178) (31,33) (31,190) (31,60) (31,94) (31,97) (31,92) (31,47) (31,82) (31,187) (31,54) (31,163) (31,150) (31,116) (31,101) (31,138) (31,118) (31,179) (31,90) (31,127) (31,86) (31,107) (31,100) (31,198) (31,171) (31,157)
 (32,160) (32,56) (32,189) (32,107) (32,194) (32,132) (32,111) (32,68) (32,103) (32,122) (32,42) (32,141) (32,112) (32,161) (32,45) (32,92) (32,198) (32,39) (32,179) (32,75) (32,82) (32,114) (32,40) (32,46) (32,35) (32,148) (32,113) (32,79) (32,168) (32,52) (32,85) (32,95) (32,185) (32,158) (32,190) (32,47) (32,36) (32,116) (32,58) (32,98) (32,51) (32,78) (32,123) (32,55) (32,149) (32,152) (32,63)
 (33,44) (33,121) (33,97) (33,147) (33,88) (33,104) (33,83) (33,158) (33,61) (33,116) (33,114) (33,141) (33,35) (33,162) (33,164) (33,189) (33,109) (33,157) (33,122) (33,193) (33,53) (33,106) (33,195) (33,139) (33,112) (33,177) (33,128) (33,188) (33,125) (33,146) (33,34) (33,43) (33,149) (33,197) (33,172) (33,50) (33,169) (33,194) (33,92) (33,73) (33,84) (33,66) (33,123) (33,63) (33,133) (33,200) (33,159) (33,153) (33,100) (33,102) (33,95) (33,93) (33,140) (33,167) (33,178) (33,198) (33,165)
 (34,100) (34,77) (34,91) (34,47) (34,94) (34,133) (34,199) (34,116) (34,102) (34,195) (34,49) (34,152) (34,143) (34,110) (34,54) (34,64) (34,189) (34,53) (34,68) (34,135) (34,127) (34,63) (34,177) (34,42) (34,187) (34,194) (34,105) (34,95) (34,101) (34,58) (34,136) (34,38) (34,44) (34,171) (34,121) (34,149) (34,69) (34,179) (34,186) (34,175) (34,93) (34,139) (34,48) (34,181) (34,74) (34,52) (34,84) (34,66) (34,67) (34,137) (34,60) (34,90) (34,197)
 (35,176) (35,191) (35,183) (35,159) (35,65) (35,113) (35,160) (35,75) (35,89) (35,115) (35,52) (35,188) (35,103) (35,53) (35,67) (35,142) (35,63) (35,74) (35,109) (35,121) (35,189) (35,93) (35,71) (35,164) (35,125) (35,123) (35,40) (35,58) (35,96) (35,137) (35,78) (35,141) (35,167) (35,136) (35,155) (35,39) (35,154) (35,173) (35,152) (35,182) (35,124) (35,100) (35,105) (35,129) (35,36) (35,157) (35,69) (35,179) (35,185) (35,99) (35,85) (35,180) (35,68) (35,108)
 (36,112) (36,92) (36,184) (36,59) (36,90) (36,57) (36,83) (36,115) (36,175) (36,89) (36,159) (36,91) (36,117) (36,96) (36,70) (36,185) (36,75) (36,42) (36,55) (36,122) (36,181) (36,172) (36,169) (36,190) (36,132) (36,166) (36,77) (36,46) (36,147) (36,40) (36,129) (36,145) (36,64) (36,198) (36,53) (36,39) (36,119) (36,114) (36,101) (36,78) (36,88) (36,73) (36,109) (36,156) (36,80) (36,72) (36,187) (36,143) (36,111) (36,47) (36,38)
 (37,181) (37,52) (37,189) (37,169) (37,165) (37,76) (37,50) (37,129) (37,142) (37,102) (37,51) (37,130) (37,64) (37,137) (37,139) (37,59) (37,152) (37,89) (37,90) (37,108) (37,39) (37,147) (37,91) (37,184) (37,45) (37,47) (37,105) (37,158) (37,153) (37,173) (37,156) (37,186) (37,66) (37,157) (37,183) (37,63) (37,125) (37,190) (37,176) (37,187) (37,199) (37,67) (37,151) (37,79) (37,87) (37,74) (37,110) (37,88) (37,188) (37,166) (37,140) (37,195) (37,126) (37,179)
 (38,135) (38,83) (38,92) (38,123) (38,91) (38,132) (38,188) (38,103) (38,56) (38,47) (38,105) (38,160) (38,55) (38,108) (38,73) (38,180) (38,164) (38,65) (38,59) (38,129) (38,170) (38,69) (38,99) (38,89) (38,53) (38,142) (38,157) (38,186) (38,147) (38,126) (38,145) (38,187) (38,173) (38,100) (38,158) (38,110) (38,128) (38,140) (38,101) (38,82) (38,79) (38,154) (38,58) (38,159)
 (39,168) (39,163) (39,47) (39,49) (39,71) (39,77) (39,79) (39,83) (39,169) (39,153) (39,87) (39,154) (39,57) (39,102) (39,110) (39,107) (39,151) (39,130) (39,189) (39,118) (39,149) (39,48) (39,97) (39,179) (39,185) (39,145) (39,96) (39,170) (39,53) (39,113) (39,67) (39,158) (39,60) (39,143) (39,73) (39,43) (39,92) (39,62) (39,111) (39,173) (39,40) (39,195) (39,74) (39,104) (39,122) (39,114) (39,183) (39,59) (39,197) (39,119) (39,180) (39,156) (39,64) (39,166) (39,106) (39,146) (39,101) (39,155) (39,126) (39,44)
 (40,109) (40,62) (40,164) (40,134) (40,112) (40,178) (40,151) (40,181) (40,77) (40,189) (40,156) (40,133) (40,103) (40,175) (40,135) (40,55) (40,197) (40,167) (40,199) (40,176) (40,50) (40,91) (40,113) (40,158) (40,96) (40,89) (40,81) (40,132) (40,142) (40,104) (40,94) (40,105) (40,66) (40,107) (40,101) (40,71) (40,99) (40,172) (40,60) (40,160) (40,131) (40,162)
 (41,151) (41,131) (41,169) (41,67) (41,55) (41,81) (41,123) (41,199) (41,43) (41,134) (41,88) (41,126) (41,161) (41,58) (41,136) (41,176) (41,93) (41,200) (41,191) (41,157) (41,79) (41,63) (41,118) (41,50) (41,105) (41,166) (41,148) (41,156) (41,132) (41,192) (41,87) (41,82) (41,146) (41,61) (41,143) (41,115) (41,64) (41,140) (41,91) (41,85) (41,45) (41,159) (41,44) (41,74) (41,174) (41,189) (41,116) (41,139) (41,173) (41,89) (41,92) (41,56) (41,138) (41,83) (41,53) (41,182) (41,120)
 (42,55) (42,109) (42,126) (42,100) (42,119) (42,56) (42,50) (42,136) (42,69) (42,59) (42,167) (42,200) (42,103) (42,183) (42,43) (42,104) (42,140) (42,67) (42,79) (42,160) (42,198) (42,86) (42,179) (42,78) (42,80) (42,64) (42,97) (42,61) (42,166) (42,150) (42,111) (42,120) (42,192) (42,65) (42,77) (42,155) (42,85) (42,178) (42,162) (42,134) (42,124) (42,173) (42,186) (42,171) (42,142) (42,199) (42,163) (42,121) (42,70)
 (43,133) (43,138) (43,47) (43,198) (43,61) (43,68) (43,113) (43,186) (43,100) (43,56) (43,85) (43,168) (43,83) (43,117) (43,65) (43,145) (43,128) (43,108) (43,178) (43,54) (43,153) (43,165) (43,69) (43,82) (43,106) (43,134) (43,181) (43,110) (43,173) (43,89) (43,125) (43,101) (43,118) (43,163) (43,200) (43,53) (43,45) (43,111) (43,84) (43,71) (43,154) (43,172) (43,149) (43,141) (43,191) (43,104) (43,148) (43,114) (43,78) (43,50)
 (44,148) (44,97) (44,141) (44,146) (44,168) (44,61) (44,86) (44,165) (44,80) (44,195) (44,48) (44,132) (44,65) (44,169) (44,180) (44,109) (44,54) (44,138) (44,74) (44,200) (44,102) (44,67) (44,68) (44,106) (44,188) (44,142) (44,52) (44,115) (44,182) (44,85) (44,124) (44,116) (44,151) (44,121) (44,91) (44,71) (44,53) (44,126) (44,139) (44,112) (44,127) (44,101) (44,143) (44,176) (44,73) (44,171) (44,83) (44,170) (44,147) (44,198) (44,157) (44,72) (44,64)
 (45,85) (45,175) (45,67) (45,184) (45,180) (45,171) (45,83) (45,82) (45,148) (45,198) (45,131) (45,139) (45,137) (45,65) (45,189) (45,199) (45,105) (45,66) (45,192) (45,169) (45,107) (45,173) (45,165) (45,55) (45,72) (45,156) (45,51) (45,61) (45,89) (45,93) (45,123) (45,136) (45,168) (45,84) (45,60) (45,104) (45,103) (45,62) (45,194) (45,170) (45,151) (45,88)
 (46,177) (46,120) (46,50) (46,149) (46,95) (46,74) (46,134) (46,198) (46,62) (46,171) (46,85) (46,193) (46,108) (46,176) (46,83) (46,51) (46,114) (46,129) (46,159) (46,167) (46,126) (46,100) (46,119) (46,138) (46,84) (46,68) (46,77) (46,70) (46,175) (46,166) (46,183) (46,133) (46,135) (46,90) (46,106) (46,200) (46,72) (46,147) (46,137) (46,145) (46,121) (46,59) (46,185) (46,75) (46,60) (46,131) (46,123) (46,117) (46,187) (46,118) (46,56) (46,160) (46,116) (46,94) (46,128)
 (47,49) (47,111) (47,178) (47,187) (47,184) (47,189) (47,56) (47,152) (47,102) (47,161) (47,199) (47,70) (47,148) (47,107) (47,190) (47,75) (47,160) (47,48) (47,138) (47,130) (47,172) (47,163) (47,114) (47,165) (47,57) (47,73) (47,133) (47,65) (47,112) (47,158) (47,166) (47,82) (47,179) (47,90) (47,175) (47,149) (47,77) (47,200) (47,131) (47,81) (47,170) (47,129) (47,55) (47,72) (47,136) (47,60) (47,58) (47,162)
 (48,183) (48,103) (48,122) (48,100) (48,72) (48,126) (48,160) (48,158) (48,101) (48,75) (48,63) (48,177) (48,155) (48,54) (48,121) (48,113) (48,80) (48,144) (48,108) (48,130) (48,145) (48,64) (48,74) (48,115) (48,66) (48,96) (48,104) (48,192) (48,185) (48,92) (48,186) (48,70) (48,95) (48,191) (48,173) (48,154) (48,181) (48,84) (48,58) (48,189) (48,176) (48,94) (48,97) (48,116) (48,161) (48,146) (48,117) (48,147) (48,59) (48,107) (48,71) (48,123) (48,57)
 (49,102) (49,116) (49,195) (49,170) (49,147) (49,196) (49,51) (49,70) (49,101) (49,67) (49,141) (49,143) (49,152) (49,99) (49,187) (49,155) (49,191) (49,157) (49,115) (49,159) (49,97) (49,64) (49,180) (49,122) (49,105) (49,127) (49,114) (49,63) (49,94) (49,177) (49,133) (49,153) (49,175) (49,161) (49,131) (49,53) (49,166) (49,167) (49,88) (49,132) (49,139) (49,103) (49,74) (49,130) (49,125) (49,185) (49,118) (49,112) (49,149) (49,179) (49,188) (49,104) (49,140) (49,134)
 (50,150) (50,195) (50,143) (50,56) (50,95) (50,194) (50,58) (50,120) (50,103) (50,140) (50,105) (50,134) (50,124) (50,84) (50,116) (50,68) (50,130) (50,99) (50,118) (50,89) (50,109) (50,52) (50,92) (50,181) (50,186) (50,133) (50,199) (50,128) (50,107) (50,157) (50,158) (50,127) (50,163) (50,176) (50,129) (50,192) (50,119) (50,126) (50,54) (50,178) (50,152) (50,81) (50,73) (50,175) (50,141) (50,123) (50,110) (50,159) (50,72) (50,57) (50,86) (50,189) (50,75) (50,117) (50,106) (50,196)
 (51,185) (51,197) (51,152) (51,141) (51,131) (51,187) (51,112) (51,191) (51,58) (51,126) (51,132) (51,99) (51,148) (51,98) (51,159) (51,64) (51,84) (51,184) (51,137) (51,106) (51,95) (51,75) (51,144) (51,73) (51,161) (51,153) (51,108) (51,67) (51,55) (51,146) (51,111) (51,107) (51,121) (51,186) (51,174) (51,183) (51,138) (51,91) (51,163) (51,143) (51,114) (51,61) (51,110) (51,54) (51,76) (51,90)
 (52,98) (52,156) (52,147) (52,150) (52,124) (52,154) (52,75) (52,130) (52,159) (52,64) (52,134) (52,62) (52,199) (52,198) (52,121) (52,91) (52,78) (52,173) (52,135) (52,139) (52,96) (52,177) (52,164) (52,169) (52,136) (52,132) (52,112) (52,103) (52,79) (52,77) (52,197) (52,194) (52,99) (52,95) (52,76) (52,106) (52,65)
 (53,65) (53,129) (53,110) (53,179) (53,79) (53,100) (53,182) (53,151) (53,104) (53,193) (53,180) (53,59) (53,90) (53,130) (53,192) (53,156) (53,187) (53,140) (53,174) (53,198) (53,171) (53,194) (53,74) (53,115) (53,56) (53,148) (53,183) (53,128) (53,107) (53,133) (53,159) (53,139) (53,181) (53,55) (53,184) (53,101) (53,125)
 (54,144) (54,139) (54,82) (54,160) (54,126) (54,62) (54,165) (54,134) (54,123) (54,76) (54,200) (54,132) (54,84) (54,170) (54,112) (54,145) (54,192) (54,129) (54,172) (54,178) (54,140) (54,99) (54,187) (54,173) (54,74) (54,86) (54,149) (54,136) (54,131) (54,161) (54,124) (54,146) (54,69) (54,93) (54,56) (54,104) (54,150) (54,156) (54,92) (54,101) (54,66) (54,95) (54,106) (54,179) (54,118) (54,151) (54,97) (54,164) (54,130) (54,57)
 (55,60) (55,150) (55,104) (55,190) (55,147) (55,72) (55,149) (55,200) (55,118) (55,56) (55,197) (55,69) (55,131) (55,84) (55,124) (55,57) (55,179) (55,159) (55,106) (55,96) (55,132) (55,154) (55,122) (55,151) (55,164) (55,171) (55,67) (55,97) (55,68) (55,182) (55,144) (55,85) (55,73) (55,167) (55,101) (55,136) (55,120) (55,75) (55,193) (55,158) (55,123) (55,161) (55,160) (55,108) (55,63) (55,126) (55,181) (55,139) (55,66) (55,174) (55,170) (55,195) (55,76)
 (56,171) (56,187) (56,151) (56,89) (56,92) (56,66) (56,72) (56,141) (56,168) (56,117) (56,128) (56,186) (56,172) (56,126) (56,135) (56,158) (56,174) (56,148) (56,65) (56,70) (56,111) (56,169) (56,143) (56,190) (56,132) (56,145) (56,115) (56,75) (56,88) (56,119) (56,60) (56,176) (56,123) (56,79) (56,131) (56,112) (56,170) (56,104) (56,146) (56,86) (56,134) (56,136) (56,77) (56,122)
 (57,69) (57,81) (57,93) (57,159) (57,188) (57,140) (57,62) (57,172) (57,163) (57,121) (57,161) (57,165) (57,154) (57,191) (57,101) (57,118) (57,149) (57,131) (57,106) (57,117) (57,138) (57,185) (57,182) (57,58) (57,180) (57,61) (57,122) (57,170) (57,83) (57,110) (57,104) (57,105) (57,169) (57,146) (57,107) (57,92) (57,97) (57,144) (57,143) (57,65) (57,87) (57,71) (57,111) (57,109) (57,74) (57,152) (57,139)
 (58,160) (58,66) (58,78) (58,144) (58,61) (58,166) (58,138) (58,71) (58,111) (58,117) (58,184) (58,155) (58,177) (58,63) (58,153) (58,193) (58,186) (58,134) (58,83) (58,128) (58,102) (58,80) (58,59) (58,141) (58,198) (58,187) (58,124) (58,167) (58,190) (58,123) (58,122) (58,174) (58,70) (58,64) (58,171) (58,145) (58,101) (58,133) (58,110) (58,82) (58,135) (58,191) (58,105) (58,113) (58,147)
 (59,87) (59,77) (59,164) (59,121) (59,181) (59,68) (59,158) (59,179) (59,173) (59,189) (59,155) (59,142) (59,65) (59,84) (59,143) (59,125) (59,98) (59,192) (59,169) (59,93) (59,83) (59,126) (59,141) (59,194) (59,147) (59,116) (59,168) (59,120) (59,134) (59,100) (59,191) (59,165) (59,162) (59,144) (59,176) (59,128) (59,163) (59,64) (59,198) (59,135) (59,110) (59,102) (59,78)
 (60,198) (60,135) (60,101) (60,132) (60,141) (60,182) (60,130) (60,178) (60,102) (60,107) (60,134) (60,133) (60,154) (60,67) (60,149) (60,128) (60,151) (60,200) (60,150) (60,193) (60,121) (60,111) (60,148) (60,153) (60,162) (60,77) (60,172) (60,170) (60,140) (60,87) (60,105) (60,92) (60,119) (60,112) (60,194) (60,191) (60,187) (60,175) (60,160) (60,192) (60,147) (60,124) (60,78) (60,188) (60,88) (60,113) (60,83) (60,152)
 (61,194) (61,76) (61,65) (61,96) (61,114) (61,136) (61,97) (61,78) (61,155) (61,141) (61,121) (61,113) (61,190) (61,79) (61,176) (61,115) (61,152) (61,74) (61,139) (61,142) (61,197) (61,195) (61,191) (61,120) (61,119) (61,138) (61,130) (61,180) (61,106) (61,182) (61,179) (61,92) (61,102) (61,134) (61,131) (61,88) (61,183) (61,123) (61,166) (61,184) (61,171) (61,80) (61,162) (61,66) (61,147) (61,185) (61,174)
 (62,178) (62,186) (62,146) (62,197) (62,189) (62,119) (62,172) (62,144) (62,72) (62,100) (62,198) (62,113) (62,182) (62,141) (62,158) (62,196) (62,185) (62,88) (62,199) (62,135) (62,155) (62,142) (62,163) (62,133) (62,90) (62,118) (62,114) (62,129) (62,77) (62,121) (62,87) (62,188) (62,117) (62,76) (62,75) (62,176) (62,187) (62,123) (62,111) (62,160) (62,69) (62,112) (62,107) (62,149)
 (63,121) (63,68) (63,122) (63,126) (63,172) (63,88) (63,86) (63,108) (63,105) (63,160) (63,77) (63,101) (63,150) (63,141) (63,112) (63,127) (63,78) (63,165) (63,151) (63,182) (63,92) (63,104) (63,74) (63,167) (63,194) (63,200) (63,125) (63,145) (63,119) (63,169) (63,107) (63,162) (63,96) (63,73) (63,83) (63,79) (63,149) (63,179) (63,136) (63,99) (63,115) (63,192)
 (64,168) (64,124) (64,177) (64,179) (64,81) (64,126) (64,134) (64,138) (64,80) (64,165) (64,189) (64,156) (64,69) (64,127) (64,125) (64,149) (64,163) (64,129) (64,145) (64,70) (64,146) (64,135) (64,104) (64,131) (64,183) (64,71) (64,151) (64,103) (64,180) (64,67) (64,119) (64,178) (64,102) (64,194) (64,147) (64,161) (64,133) (64,117) (64,82) (64,118) (64,200) (64,128) (64,175) (64,93) (64,74) (64,90) (64,98) (64,68) (64,170) (64,75) (64,88) (64,144) (64,84) (64,197)
 (65,69) (65,181) (65,134) (65,117) (65,109) (65,126) (65,70) (65,102) (65,194) (65,121) (65,142) (65,99) (65,127) (65,83) (65,131) (65,176) (65,188) (65,139) (65,113) (65,193) (65,75) (65,147) (65,135) (65,116) (65,97) (65,86) (65,111) (65,66) (65,174) (65,73) (65,195) (65,151) (65,161) (65,197) (65,128) (65,114) (65,136) (65,138) (65,87) (65,96)
 (66,88) (66,162) (66,187) (66,198) (66,121) (66,148) (66,75) (66,197) (66,143) (66,157) (66,176) (66,77) (66,122) (66,174) (66,74) (66,102) (66,97) (66,127) (66,104) (66,124) (66,117) (66,145) (66,80) (66,87) (66,69) (66,154) (66,83) (66,106) (66,168) (66,167) (66,183) (66,193) (66,103) (66,147) (66,155) (66,81) (66,179) (66,134) (66,169) (66,68) (66,90) (66,89) (66,139) (66,200) (66,79) (66,146) (66,86) (66,98)
 (67,139) (67,97) (67,102) (67,187) (67,92) (67,154) (67,133) (67,103) (67,180) (67,118) (67,172) (67,197) (67,149) (67,117) (67,127) (67,200) (67,81) (67,82) (67,147) (67,106) (67,158) (67,136) (67,148) (67,171) (67,190) (67,143) (67,129) (67,87) (67,155) (67,198) (67,140) (67,96) (67,110) (67,165) (67,189) (67,125) (67,177) (67,107) (67,71) (67,179) (67,80) (67,121) (67,145) (67,199) (67,169)
 (68,181) (68,113) (68,133) (68,161) (68,141) (68,191) (68,154) (68,140) (68,194) (68,128) (68,127) (68,162) (68,87) (68,148) (68,170) (68,107) (68,188) (68,100) (68,81) (68,169) (68,122) (68,89) (68,142) (68,91) (68,151) (68,193) (68,132) (68,70) (68,90) (68,114) (68,195) (68,93) (68,83) (68,183) (68,177) (68,126) (68,111) (68,182) (68,104) (68,168) (68,150) (68,103)
 (69,184) (69,75) (69,74) (69,139) (69,116) (69,154) (69,99) (69,98) (69,117) (69,112) (69,93) (69,161) (69,174) (69,85) (69,190) (69,129) (69,163) (69,79) (69,115) (69,142) (69,84) (69,90) (69,108) (69,80) (69,97) (69,102) (69,152) (69,113) (69,95) (69,160) (69,164) (69,127) (69,105) (69,91) (69,166) (69,172) (69,185) (69,100) (69,72) (69,169) (69,82) (69,110) (69,135) (69,118) (69,199)
 (70,175) (70,176) (70,194) (70,151) (70,120) (70,108) (70,161) (70,197) (70,124) (70,112) (70,158) (70,111) (70,196) (70,102) (70,133) (70,91) (70,190) (70,145) (70,195) (70,157) (70,109) (70,115) (70,107) (70,127) (70,94) (70,110) (70,200) (70,150) (70,99) (70,138) (70,174) (70,170) (70,87) (70,168) (70,83) (70,163) (70,177) (70,172)
 (71,184) (71,117) (71,200) (71,124) (71,98) (71,180) (71,176) (71,74) (71,89) (71,100) (71,105) (71,119) (71,140) (71,162) (71,107) (71,94) (71,129) (71,172) (71,103) (71,87) (71,88) (71,136) (71,186) (71,141) (71,179) (71,104) (71,185) (71,142) (71,197) (71,145) (71,75) (71,164) (71,139) (71,125) (71,137) (71,154) (71,191) (71,133) (71,135) (71,153) (71,118) (71,199) (71,155) (71,152)
 (72,117) (72,76) (72,108) (72,145) (72,130) (72,91) (72,165) (72,191) (72,75) (72,196) (72,98) (72,181) (72,92) (72,124) (72,112) (72,100) (72,86) (72,147) (72,161) (72,89) (72,189) (72,194) (72,157) (72,110) (72,138) (72,166) (72,74) (72,111) (72,186) (72,163) (72,141) (72,167) (72,173) (72,149) (72,188) (72,101) (72,102) (72,105) (72,137) (72,182) (72,158) (72,81)
 (73,177) (73,126) (73,161) (73,105) (73,157) (73,79) (73,88) (73,164) (73,194) (73,176) (73,115) (73,103) (73,104) (73,183) (73,130) (73,140) (73,141) (73,110) (73,175) (73,151) (73,181) (73,80) (73,100) (73,163) (73,180) (73,188) (73,154) (73,132) (73,167) (73,125) (73,170) (73,200) (73,101) (73,112) (73,192) (73,174) (73,107) (73,120) (73,159) (73,145) (73,137) (73,77) (73,166) (73,108) (73,116) (73,111) (73,96) (73,156) (73,144) (73,165)
 (74,111) (74,144) (74,166) (74,176) (74,190) (74,117) (74,173) (74,97) (74,105) (74,115) (74,146) (74,143) (74,102) (74,165) (74,182) (74,148) (74,83) (74,131) (74,75) (74,82) (74,140) (74,103) (74,174) (74,100) (74,130) (74,184) (74,141) (74,152) (74,87) (74,108) (74,171) (74,93) (74,77) (74,200) (74,132) (74,178) (74,163) (74,90) (74,88) (74,81) (74,181)
 (75,121) (75,188) (75,197) (75,133) (75,102) (75,187) (75,141) (75,165) (75,190) (75,142) (75,143) (75,138) (75,167) (75,150) (75,93) (75,78) (75,159) (75,172) (75,175) (75,80) (75,168) (75,193) (75,131) (75,135) (75,148) (75,145) (75,98) (75,198) (75,104) (75,120) (75,194) (75,191) (75,156) (75,83) (75,164) (75,97) (75,130) (75,100)
 (76,148) (76,136) (76,170) (76,160) (76,177) (76,145) (76,114) (76,176) (76,103) (76,138) (76,135) (76,163) (76,166) (76,191) (76,178) (76,87) (76,110) (76,113) (76,188) (76,125) (76,77) (76,120) (76,156) (76,128) (76,118) (76,182) (76,129) (76,100) (76,162) (76,165) (76,116) (76,161) (76,123) (76,200) (76,112) (76,140) (76,84) (76,78) (76,159) (76,181) (76,154) (76,153) (76,155) (76,99) (76,149)
 (77,183) (77,199) (77,157) (77,101) (77,191) (77,113) (77,97) (77,147) (77,150) (77,138) (77,114) (77,168) (77,178) (77,104) (77,200) (77,140) (77,133) (77,88) (77,142) (77,106) (77,195) (77,172) (77,164) (77,190) (77,169) (77,118) (77,146) (77,107) (77,171) (77,184) (77,194) (77,196) (77,127) (77,175) (77,112) (77,83) (77,132) (77,92) (77,82) (77,180) (77,160) (77,80) (77,139) (77,125) (77,144) (77,181) (77,137) (77,122) (77,130) (77,134)
 (78,163) (78,196) (78,81) (78,115) (78,133) (78,174) (78,85) (78,195) (78,165) (78,128) (78,138) (78,119) (78,126) (78,141) (78,94) (78,169) (78,144) (78,164) (78,137) (78,185) (78,91) (78,124) (78,118) (78,159) (78,129) (78,135) (78,125) (78,172) (78,117) (78,193) (78,143) (78,147) (78,90) (78,86) (78,179) (78,156)
 (79,83) (79,161) (79,147) (79,165) (79,108) (79,124) (79,171) (79,158) (79,149) (79,121) (79,168) (79,107) (79,188) (79,126) (79,113) (79,148) (79,180) (79,140) (79,143) (79,185) (79,127) (79,89) (79,174) (79,137) (79,119) (79,163) (79,101) (79,134) (79,162) (79,172) (79,164) (79,97) (79,154) (79,169)
 (80,120) (80,192) (80,114) (80,156) (80,141) (80,158) (80,131) (80,124) (80,93) (80,163) (80,198) (80,87) (80,127) (80,184) (80,116) (80,149) (80,174) (80,88) (80,155) (80,92) (80,90) (80,84) (80,126) (80,123) (80,137) (80,152) (80,115) (80,99) (80,185) (80,106) (80,165) (80,153)
 (81,125) (81,183) (81,171) (81,103) (81,82) (81,197) (81,173) (81,83) (81,168) (81,167) (81,138) (81,99) (81,139) (81,128) (81,133) (81,195) (81,163) (81,112) (81,105) (81,102) (81,93) (81,164) (81,96) (81,98) (81,114) (81,188) (81,127) (81,199) (81,142) (81,194) (81,90) (81,159) (81,169) (81,143) (81,135) (81,101) (81,156) (81,89) (81,126) (81,92) (81,182)
 (82,200) (82,168) (82,186) (82,99) (82,92) (82,159) (82,86) (82,160) (82,193) (82,90) (82,177) (82,91) (82,94) (82,152) (82,114) (82,174) (82,120) (82,98) (82,129) (82,153) (82,172) (82,123) (82,85) (82,167) (82,83) (82,141) (82,162) (82,108) (82,180) (82,179) (82,145) (82,139) (82,142) (82,109) (82,182) (82,110) (82,189) (82,93) (82,89) (82,105) (82,121) (82,196)
 (83,158) (83,150) (83,90) (83,119) (83,100) (83,200) (83,139) (83,117) (83,167) (83,92) (83,122) (83,152) (83,94) (83,163) (83,148) (83,121) (83,133) (83,106) (83,111) (83,174) (83,186) (83,147) (83,184) (83,179) (83,96) (83,170) (83,180) (83,112) (83,138) (83,193) (83,143) (83,153) (83,168) (83,195) (83,85) (83,131) (83,141) (83,159) (83,176) (83,172) (83,136) (83,127)
 (84,179) (84,137) (84,152) (84,96) (84,125) (84,169) (84,192) (84,197) (84,185) (84,198) (84,128) (84,132) (84,140) (84,127) (84,176) (84,105) (84,189) (84,91) (84,104) (84,162) (84,146) (84,94) (84,114) (84,194) (84,200) (84,166) (84,101) (84,86) (84,87) (84,112) (84,165) (84,90) (84,174) (84,142) (84,156) (84,130) (84,181) (84,164) (84,196) (84,160) (84,163) (84,126) (84,184) (84,85) (84,187) (84,129) (84,95) (84,121) (84,102) (84,178) (84,117) (84,113) (84,158)
 (85,86) (85,177) (85,113) (85,129) (85,90) (85,160) (85,175) (85,164) (85,170) (85,93) (85,132) (85,161) (85,89) (85,91) (85,95) (85,137) (85,174) (85,97) (85,172) (85,184) (85,101) (85,194) (85,128) (85,196) (85,104) (85,109) (85,120) (85,122) (85,180) (85,181) (85,92) (85,155) (85,146)
 (86,149) (86,179) (86,98) (86,146) (86,132) (86,115) (86,184) (86,92) (86,117) (86,161) (86,131) (86,95) (86,111) (86,101) (86,116) (86,93) (86,97) (86,150) (86,137) (86,180) (86,188) (86,133) (86,174) (86,168) (86,136) (86,192) (86,120) (86,194) (86,191) (86,189) (86,134) (86,114) (86,145) (86,124) (86,163) (86,193) (86,109) (86,104) (86,108) (86,138) (86,129) (86,170) (86,169) (86,182) (86,157)
 (87,197) (87,123) (87,194) (87,91) (87,125) (87,132) (87,119) (87,152) (87,97) (87,120) (87,159) (87,160) (87,195) (87,182) (87,187) (87,185) (87,92) (87,198) (87,106) (87,150) (87,181) (87,162) (87,156) (87,191) (87,103) (87,163) (87,115) (87,116) (87,104) (87,90) (87,172) (87,136) (87,112) (87,98) (87,168) (87,114)
 (88,156) (88,161) (88,154) (88,199) (88,177) (88,190) (88,144) (88,193) (88,109) (88,180) (88,186) (88,89) (88,114) (88,166) (88,97) (88,106) (88,132) (88,164) (88,147) (88,125) (88,183) (88,148) (88,115) (88,167) (88,119) (88,198) (88,179) (88,95) (88,121) (88,195) (88,93) (88,196) (88,110) (88,94) (88,158) (88,157) (88,131)
 (89,92) (89,156) (89,193) (89,180) (89,117) (89,189) (89,144) (89,146) (89,129) (89,111) (89,178) (89,164) (89,165) (89,162) (89,100) (89,195) (89,141) (89,149) (89,134) (89,185) (89,142) (89,133) (89,104) (89,139) (89,127) (89,138) (89,192) (89,119) (89,121) (89,198) (89,191) (89,145) (89,116) (89,112) (89,188) (89,182) (89,148) (89,109)
 (90,138) (90,155) (90,95) (90,173) (90,92) (90,126) (90,186) (90,175) (90,149) (90,104) (90,148) (90,190) (90,182) (90,118) (90,180) (90,156) (90,107) (90,166) (90,131) (90,97) (90,170) (90,189) (90,121) (90,134) (90,109) (90,141) (90,195) (90,158) (90,192) (90,115) (90,99) (90,181) (90,174) (90,139) (90,159) (90,187) (90,116) (90,162) (90,194) (90,169) (90,168)
 (91,99) (91,151) (91,121) (91,174) (91,196) (91,111) (91,126) (91,145) (91,148) (91,124) (91,144) (91,92) (91,194) (91,198) (91,110) (91,189) (91,199) (91,106) (91,152) (91,187) (91,107) (91,118) (91,140) (91,158) (91,97) (91,134) (91,181) (91,150) (91,103) (91,165) (91,163) (91,166) (91,193) (91,125) (91,160) (91,186) (91,143)
 (92,127) (92,166) (92,149) (92,192) (92,119) (92,184) (92,185) (92,162) (92,176) (92,95) (92,163) (92,155) (92,171) (92,194) (92,115) (92,94) (92,168) (92,109) (92,154) (92,136) (92,159) (92,142) (92,151) (92,178) (92,97) (92,131) (92,107) (92,133) (92,183) (92,117) (92,125) (92,143) (92,148) (92,160) (92,156) (92,198) (92,93) (92,157) (92,188)
 (93,146) (93,135) (93,139) (93,133) (93,152) (93,151) (93,189) (93,196) (93,195) (93,109) (93,159) (93,179) (93,136) (93,180) (93,126) (93,100) (93,192) (93,193) (93,169) (93,117) (93,96) (93,147) (93,171) (93,199) (93,187) (93,130) (93,114) (93,165) (93,97) (93,125) (93,140) (93,108) (93,162) (93,102) (93,107) (93,172) (93,188) (93,186) (93,105) (93,141) (93,145) (93,128) (93,121)
 (94,179) (94,107) (94,96) (94,183) (94,157) (94,169) (94,181) (94,192) (94,148) (94,162) (94,133) (94,117) (94,172) (94,145) (94,151) (94,112) (94,156) (94,165) (94,104) (94,147) (94,137) (94,140) (94,173) (94,195) (94,177) (94,185) (94,175) (94,197) (94,154) (94,167) (94,187) (94,122) (94,193) (94,123) (94,188) (94,118) (94,149) (94,136)
 (95,136) (95,128) (95,100) (95,187) (95,152) (95,184) (95,170) (95,191) (95,194) (95,169) (95,145) (95,143) (95,193) (95,96) (95,120) (95,163) (95,122) (95,108) (95,199) (95,159) (95,167) (95,180) (95,160) (95,103) (95,144) (95,140) (95,179) (95,168) (95,147) (95,156) (95,141) (95,137) (95,129) (95,114) (95,119) (95,98) (95,162) (95,138) (95,182)
 (96,115) (96,131) (96,186) (96,163) (96,123) (96,135) (96,159) (96,122) (96,192) (96,143) (96,165) (96,112) (96,152) (96,128) (96,133) (96,180) (96,144) (96,120) (96,132) (96,107) (96,167) (96,200) (96,195) (96,155) (96,166) (96,105) (96,103) (96,162) (96,136) (96,100) (96,194) (96,125) (96,185)
 (97,181) (97,144) (97,148) (97,193) (97,167) (97,191) (97,172) (97,138) (97,99) (97,195) (97,194) (97,170) (97,132) (97,133) (97,122) (97,154) (97,121) (97,125) (97,173) (97,98) (97,119) (97,116) (97,185) (97,108) (97,106) (97,102) (97,136) (97,112) (97,123) (97,176) (97,120) (97,104) (97,187) (97,171) (97,149)
 (98,123) (98,200) (98,165) (98,183) (98,197) (98,105) (98,138) (98,188) (98,184) (98,128) (98,160) (98,103) (98,180) (98,114) (98,144) (98,152) (98,117) (98,109) (98,134) (98,124) (98,158) (98,142) (98,157) (98,149) (98,118) (98,115) (98,178) (98,102) (98,99) (98,132) (98,125) (98,191) (98,143) (98,187) (98,156) (98,175) (98,140) (98,129)
 (99,119) (99,127) (99,110) (99,121) (99,102) (99,139) (99,166) (99,175) (99,123) (99,107) (99,159) (99,182) (99,146) (99,171) (99,137) (99,178) (99,156) (99,172) (99,183) (99,136) (99,134) (99,101) (99,120) (99,113) (99,100) (99,151) (99,188) (99,179) (99,196) (99,200) (99,180) (99,105) (99,128) (99,126) (99,169) (99,197) (99,153)
 (100,104) (100,155) (100,106) (100,194) (100,118) (100,167) (100,184) (100,139) (100,159) (100,162) (100,121) (100,188) (100,131) (100,148) (100,195) (100,165) (100,146) (100,198) (100,130) (100,128) (100,197) (100,171) (100,168) (100,112) (100,114) (100,144) (100,158) (100,111) (100,172) (100,200) (100,109) (100,185) (100,142) (100,124) (100,147) (100,196) (100,192) (100,129) (100,134) (100,143) (100,141)
 (101,122) (101,179) (101,115) (101,124) (101,165) (101,166) (101,116) (101,177) (101,132) (101,142) (101,157) (101,189) (101,140) (101,181) (101,156) (101,126) (101,185) (101,159) (101,105) (101,111) (101,195) (101,137) (101,145) (101,158) (101,129) (101,104) (101,154) (101,178) (101,131) (101,113) (101,175) (101,123) (101,173) (101,161) (101,190) (101,194) (101,139) (101,151)
 (102,197) (102,130) (102,104) (102,123) (102,128) (102,150) (102,126) (102,184) (102,103) (102,160) (102,158) (102,177) (102,107) (102,121) (102,127) (102,171) (102,115) (102,154) (102,188) (102,199) (102,195) (102,174) (102,109) (102,106)
 (103,105) (103,182) (103,171) (103,162) (103,159) (103,113) (103,197) (103,176) (103,130) (103,141) (103,135) (103,181) (103,185) (103,149) (103,144) (103,122) (103,153) (103,133) (103,184) (103,129) (103,165) (103,175) (103,196) (103,160) (103,145) (103,108) (103,119) (103,116) (103,121) (103,142) (103,194) (103,134) (103,139) (103,110) (103,168) (103,174) (103,172) (103,183) (103,131)
 (104,133) (104,188) (104,155) (104,129) (104,142) (104,107) (104,106) (104,200) (104,134) (104,127) (104,159) (104,146) (104,166) (104,115) (104,141) (104,117) (104,121) (104,177) (104,169) (104,108) (104,125) (104,181) (104,189) (104,180) (104,140) (104,185) (104,160) (104,178) (104,175) (104,179) (104,195) (104,193) (104,120)
 (105,112) (105,153) (105,174) (105,173) (105,184) (105,182) (105,162) (105,185) (105,177) (105,171) (105,168) (105,149) (105,116) (105,193) (105,140) (105,155) (105,199) (105,121) (105,120) (105,107) (105,114) (105,123) (105,110) (105,131) (105,194) (105,152) (105,134) (105,133) (105,124) (105,189) (105,156)
 (106,178) (106,179) (106,149) (106,128) (106,198) (106,182) (106,122) (106,111) (106,161) (106,165) (106,162) (106,164) (106,121) (106,153) (106,116) (106,172) (106,196) (106,115) (106,124) (106,158) (106,140) (106,109) (106,114) (106,190) (106,184) (106,119) (106,188) (106,170) (106,117) (106,132)
 (107,177) (107,121) (107,134) (107,139) (107,154) (107,175) (107,200) (107,123) (107,143) (107,127) (107,193) (107,129) (107,176) (107,192) (107,162) (107,182) (107,161) (107,146) (107,149) (107,119) (107,157) (107,186) (107,135) (107,173) (107,190) (107,145)
 (108,155) (108,168) (108,198) (108,190) (108,143) (108,156) (108,140) (108,111) (108,136) (108,152) (108,138) (108,157) (108,172) (108,144) (108,145) (108,197) (108,158) (108,165) (108,199) (108,124) (108,187) (108,184) (108,188) (108,183) (108,139) (108,173) (108,142) (108,113) (108,175) (108,122) (108,200) (108,118)
 (109,173) (109,192) (109,171) (109,183) (109,122) (109,138) (109,187) (109,199) (109,172) (109,119) (109,124) (109,195) (109,137) (109,115) (109,166) (109,127) (109,185) (109,155) (109,190) (109,178) (109,142) (109,125) (109,158) (109,144)
 (110,147) (110,198) (110,199) (110,168) (110,119) (110,134) (110,122) (110,166) (110,111) (110,145) (110,142) (110,125) (110,127) (110,174) (110,155) (110,191) (110,164) (110,153) (110,123) (110,124) (110,140) (110,130) (110,146) (110,170) (110,141) (110,161) (110,158) (110,138) (110,193) (110,173) (110,200) (110,178) (110,117) (110,183)
 (111,156) (111,184) (111,173) (111,149) (111,115) (111,151) (111,166) (111,172) (111,121) (111,174) (111,117) (111,136) (111,199) (111,153) (111,158) (111,140) (111,191) (111,160) (111,163) (111,126) (111,113) (111,176) (111,146) (111,198) (111,157) (111,132) (111,200) (111,193) (111,194) (111,168) (111,186) (111,135) (111,165) (111,129) (111,143) (111,195) (111,196)
 (112,122) (112,142) (112,150) (112,120) (112,200) (112,153) (112,128) (112,129) (112,119) (112,160) (112,189) (112,166) (112,167) (112,147) (112,130) (112,152) (112,143) (112,139) (112,174) (112,125) (112,127) (112,177) (112,137) (112,157) (112,156) (112,116) (112,176) (112,123) (112,194) (112,162) (112,134) (112,159)
 (113,123) (113,194) (113,118) (113,186) (113,171) (113,138) (113,130) (113,183) (113,181) (113,137) (113,195) (113,140) (113,180) (113,189) (113,127) (113,129) (113,158) (113,136) (113,135) (113,166) (113,172) (113,150) (113,133) (113,144) (113,173)
 (114,145) (114,115) (114,124) (114,170) (114,162) (114,118) (114,146) (114,185) (114,161) (114,127) (114,156) (114,183) (114,136) (114,134) (114,147) (114,120) (114,192) (114,168) (114,187) (114,163) (114,119) (114,117) (114,140) (114,138) (114,177) (114,116) (114,154) (114,141) (114,159) (114,197) (114,151)
 (115,149) (115,175) (115,166) (115,143) (115,197) (115,134) (115,185) (115,141) (115,118) (115,157) (115,117) (115,173) (115,124) (115,151) (115,140) (115,178) (115,119) (115,161) (115,194) (115,138) (115,174) (115,180) (115,186) (115,171) (115,131) (115,182) (115,165) (115,188) (115,168) (115,139) (115,195)
 (116,119) (116,129) (116,190) (116,152) (116,143) (116,137) (116,172) (116,169) (116,187) (116,168) (116,194) (116,161) (116,148) (116,189) (116,120) (116,198) (116,185) (116,199) (116,142) (116,181) (116,170) (116,178) (116,171) (116,179) (116,176) (116,186) (116,136) (116,163) (116,196) (116,141) (116,144)
 (117,174) (117,164) (117,146) (117,178) (117,194) (117,140) (117,176) (117,180) (117,170) (117,179) (117,131) (117,150) (117,182) (117,128) (117,169) (117,122) (117,121) (117,119) (117,198) (117,162) (117,186) (117,159) (117,151) (117,190) (117,168)
 (118,168) (118,152) (118,120) (118,183) (118,133) (118,184) (118,144) (118,189) (118,138) (118,151) (118,160) (118,174) (118,165) (118,176) (118,155) (118,136)
 (119,146) (119,199) (119,141) (119,176) (119,152) (119,178) (119,175) (119,167) (119,124) (119,142) (119,184) (119,187) (119,159) (119,183) (119,189) (119,136) (119,165) (119,128) (119,194) (119,143) (119,145) (119,180) (119,161) (119,121) (119,140) (119,200) (119,190)
 (120,125) (120,178) (120,121) (120,200) (120,127) (120,158) (120,137) (120,180) (120,170) (120,147) (120,122) (120,190) (120,143) (120,138) (120,189) (120,172) (120,173) (120,164) (120,195) (120,186) (120,124) (120,141) (120,174) (120,145) (120,153)
 (121,159) (121,168) (121,155) (121,136) (121,200) (121,144) (121,178) (121,135) (121,182) (121,142) (121,161) (121,192) (121,137) (121,146) (121,198) (121,163) (121,133) (121,186) (121,164) (121,127)
 (122,133) (122,135) (122,198) (122,185) (122,169) (122,177) (122,141) (122,147) (122,158) (122,192) (122,123) (122,167) (122,144) (122,181) (122,159) (122,164) (122,149) (122,137) (122,163) (122,189) (122,174) (122,197) (122,130) (122,134) (122,168) (122,193) (122,200)
 (123,176) (123,143) (123,168) (123,171) (123,192) (123,150) (123,193) (123,196) (123,133) (123,128) (123,198) (123,184) (123,181) (123,170) (123,185) (123,180) (123,149) (123,182) (123,189) (123,160) (123,134)
 (124,184) (124,182) (124,189) (124,197) (124,148) (124,128) (124,126) (124,147) (124,138) (124,146) (124,196) (124,174) (124,127) (124,163) (124,190) (124,165) (124,191) (124,188) (124,131) (124,150) (124,166) (124,180) (124,167) (124,132) (124,161) (124,194) (124,162) (124,168) (124,200) (124,170) (124,144)
 (125,195) (125,166) (125,186) (125,177) (125,134) (125,148) (125,188) (125,162) (125,180) (125,146) (125,165) (125,152) (125,179) (125,129) (125,178) (125,141) (125,127) (125,138) (125,158) (125,137) (125,136) (125,196) (125,139) (125,131) (125,173) (125,167) (125,128) (125,140) (125,200) (125,145) (125,154) (125,157)
 (126,165) (126,186) (126,132) (126,141) (126,185) (126,148) (126,155) (126,151) (126,136) (126,183) (126,174) (126,127) (126,176) (126,143) (126,197) (126,191) (126,147) (126,192) (126,133) (126,144) (126,180) (126,145) (126,193) (126,157)
 (127,181) (127,164) (127,168) (127,158) (127,166) (127,193) (127,159) (127,191) (127,139) (127,182) (127,197) (127,185) (127,149) (127,165) (127,148) (127,137) (127,186) (127,176) (127,179) (127,188) (127,199) (127,189) (127,183)
 (128,141) (128,129) (128,165) (128,197) (128,151) (128,193) (128,144) (128,189) (128,152) (128,136) (128,200) (128,190) (128,133) (128,181) (128,147) (128,176) (128,143) (128,148) (128,162) (128,184) (128,172) (128,138) (128,199) (128,156) (128,194) (128,192) (128,182) (128,167) (128,168)
 (129,160) (129,161) (129,185) (129,168) (129,170) (129,169) (129,186) (129,141) (129,177) (129,198) (129,178) (129,165) (129,184) (129,139) (129,187) (129,183) (129,149) (129,150) (129,181) (129,156)
 (130,192) (130,196) (130,163) (130,148) (130,191) (130,154) (130,151) (130,170) (130,162) (130,168) (130,159) (130,173) (130,169) (130,157) (130,188) (130,180) (130,176) (130,131) (130,161) (130,195) (130,141)
 (131,183) (131,186) (131,200) (131,199) (131,190) (131,195) (131,191) (131,138) (131,150) (131,187) (131,164) (131,145) (131,193) (131,163) (131,174) (131,188) (131,171) (131,170) (131,165) (131,179) (131,172)
 (132,134) (132,167) (132,185) (132,156) (132,199) (132,147) (132,179) (132,180) (132,140) (132,139) (132,162) (132,184) (132,191) (132,141) (132,195) (132,149) (132,145) (132,171) (132,136) (132,164) (132,176) (132,175)
 (133,192) (133,143) (133,198) (133,163) (133,139) (133,135) (133,173) (133,190) (133,166) (133,167) (133,156) (133,159) (133,185) (133,186) (133,172) (133,142) (133,195) (133,149) (133,175) (133,182) (133,161) (133,184) (133,160) (133,180) (133,151)
 (134,150) (134,148) (134,164) (134,187) (134,177) (134,172) (134,162) (134,173) (134,155) (134,169) (134,182) (134,161) (134,176) (134,156) (134,135) (134,152) (134,143)
 (135,180) (135,162) (135,168) (135,144) (135,140) (135,192) (135,150) (135,138) (135,185) (135,141) (135,173) (135,195) (135,197) (135,163) (135,154) (135,136) (135,190) (135,137) (135,198) (135,199) (135,151)
 (136,160) (136,142) (136,171) (136,145) (136,170) (136,195) (136,196) (136,169) (136,200) (136,164) (136,156) (136,199) (136,193) (136,138) (136,198) (136,153) (136,154)
 (137,152) (137,151) (137,176) (137,162) (137,180) (137,165) (137,196) (137,190) (137,185) (137,174) (137,154) (137,141) (137,160) (137,182) (137,191) (137,166) (137,187) (137,189) (137,197) (137,159) (137,170) (137,147) (137,200) (137,158)
 (138,177) (138,190) (138,148) (138,147) (138,175) (138,169) (138,168) (138,184) (138,162) (138,195) (138,149) (138,150) (138,187) (138,182) (138,174) (138,171) (138,139) (138,161) (138,180) (138,158) (138,173) (138,189) (138,157) (138,172) (138,154)
 (139,188) (139,171) (139,156) (139,180) (139,146) (139,186) (139,183) (139,161) (139,160) (139,178) (139,179) (139,151) (139,169) (139,173) (139,145) (139,148) (139,191) (139,190) (139,198) (139,164) (139,181) (139,167)
 (140,162) (140,144) (140,180) (140,196) (140,169) (140,181) (140,199) (140,165) (140,186) (140,171) (140,188) (140,149) (140,164) (140,170) (140,147) (140,177) (140,194) (140,190) (140,172) (140,148)
 (141,185) (141,193) (141,144) (141,163) (141,180) (141,155) (141,149) (141,152) (141,183) (141,165) (141,176) (141,150) (141,197) (141,177) (141,188) (141,158) (141,194) (141,200) (141,146) (141,159) (141,199) (141,172) (141,195) (141,184) (141,161) (141,157)
 (142,193) (142,200) (142,195) (142,165) (142,145) (142,171) (142,153) (142,169) (142,172) (142,156) (142,198) (142,191) (142,166) (142,150) (142,182) (142,158) (142,170) (142,179)
 (143,163) (143,183) (143,182) (143,146) (143,173) (143,168) (143,197) (143,174) (143,157) (143,172) (143,175) (143,150) (143,155) (143,181) (143,171) (143,167) (143,160) (143,189) (143,187) (143,184)
 (144,180) (144,153) (144,147) (144,189) (144,152) (144,158) (144,185) (144,171) (144,146) (144,190) (144,157) (144,186) (144,145)
 (145,186) (145,170) (145,150) (145,168) (145,180) (145,162) (145,159) (145,146) (145,176) (145,151) (145,156) (145,181) (145,166) (145,178) (145,169) (145,184)
 (146,196) (146,151) (146,191) (146,198) (146,161) (146,163) (146,177) (146,170) (146,183) (146,159) (146,172) (146,166) (146,157) (146,186) (146,147) (146,168) (146,152) (146,194) (146,149)
 (147,161) (147,179) (147,165) (147,159) (147,154) (147,152) (147,155) (147,192) (147,157) (147,190) (147,164) (147,171) (147,160) (147,178) (147,148) (147,189) (147,153) (147,163) (147,193) (147,185) (147,167) (147,183)
 (148,149) (148,172) (148,159) (148,178) (148,199) (148,151) (148,158) (148,185) (148,153) (148,156) (148,181) (148,177) (148,152) (148,200) (148,189) (148,190)
 (149,167) (149,163) (149,168) (149,169) (149,189) (149,195) (149,159) (149,153) (149,166) (149,200) (149,152) (149,188) (149,162) (149,164) (149,174) (149,181)
 (150,157) (150,172) (150,161) (150,186) (150,189) (150,187) (150,192) (150,198) (150,151) (150,199) (150,160) (150,190) (150,176)
 (151,187) (151,195) (151,152) (151,194) (151,199) (151,174) (151,178) (151,153) (151,198) (151,172) (151,197) (151,177) (151,170) (151,169) (151,167) (151,179) (151,159) (151,176) (151,185) (151,186) (151,200)
 (152,194) (152,155) (152,197) (152,182) (152,168) (152,192) (152,191) (152,156) (152,185) (152,187) (152,171) (152,169) (152,178) (152,160) (152,177) (152,154) (152,161) (152,159) (152,175) (152,164) (152,186) (152,196)
 (153,154) (153,164) (153,172) (153,159) (153,167) (153,194) (153,156) (153,183) (153,155) (153,196) (153,174) (153,197) (153,195) (153,180) (153,192) (153,175) (153,165) (153,200) (153,171) (153,199)
 (154,181) (154,163) (154,171) (154,179) (154,175) (154,157) (154,162) (154,166) (154,177) (154,167) (154,158) (154,178) (154,169) (154,155) (154,198)
 (155,195) (155,180) (155,168) (155,172) (155,156) (155,169) (155,190) (155,186) (155,197) (155,171)
 (156,185) (156,171) (156,178) (156,170) (156,174) (156,159) (156,180) (156,165) (156,164) (156,167)
 (157,166) (157,187) (157,167) (157,171) (157,164) (157,186) (157,198) (157,193) (157,188) (157,190) (157,159) (157,158)
 (158,190) (158,187) (158,171) (158,184) (158,170) (158,189) (158,197) (158,173) (158,176) (158,167) (158,196) (158,193) (158,186) (158,181) (158,194) (158,168) (158,198)
 (159,169) (159,186) (159,164) (159,200) (159,162) (159,198) (159,161) (159,176) (159,160) (159,197) (159,178) (159,195)
 (160,197) (160,178) (160,167) (160,194) (160,168) (160,187) (160,165) (160,163) (160,174) (160,166) (160,162) (160,182) (160,169) (160,161) (160,196) (160,176)
 (161,165) (161,200) (161,171) (161,189) (161,190) (161,175) (161,186) (161,183) (161,197) (161,177) (161,167) (161,166) (161,162)
 (162,197) (162,173) (162,200) (162,167) (162,199) (162,183) (162,190) (162,195) (162,171) (162,181) (162,185) (162,189) (162,170) (162,172) (162,193) (162,164) (162,177)
 (163,175) (163,194) (163,193) (163,178) (163,180) (163,176) (163,187) (163,179) (163,197) (163,196) (163,195) (163,191) (163,198)
 (164,189) (164,167) (164,185) (164,198) (164,174) (164,187) (164,180) (164,197) (164,188) (164,176)
 (165,191) (165,179) (165,189) (165,168) (165,199) (165,182) (165,177)
 (166,182) (166,172) (166,187) (166,175) (166,177) (166,198) (166,184) (166,188) (166,180) (166,197) (166,181)
 (167,199) (167,198) (167,190) (167,174) (167,191) (167,189) (167,197) (167,169) (167,168) (167,195)
 (168,185) (168,200) (168,170) (168,188) (168,197) (168,180) (168,194) (168,195) (168,177) (168,199) (168,181) (168,183)
 (169,185) (169,197) (169,190) (169,193) (169,191) (169,200) (169,194) (169,189) (169,180)
 (170,190) (170,179) (170,186) (170,180) (170,200) (170,199) (170,174) (170,176) (170,192) (170,175) (170,171) (170,194) (170,198)
 (171,182) (171,175) (171,187) (171,193) (171,199) (171,189) (171,183)
 (172,184) (172,200) (172,176) (172,198) (172,195) (172,192) (172,181) (172,174) (172,189)
 (173,180) (173,195) (173,190) (173,191) (173,179)
 (174,196) (174,194) (174,186) (174,190) (174,181) (174,200) (174,189) (174,177) (174,180) (174,179) (174,188) (174,191)
 (175,198) (175,200) (175,187) (175,189) (175,190) (175,178) (175,195) (175,197) (175,176) (175,199) (175,181)
 (176,194) (176,179) (176,197) (176,192) (176,180) (176,193) (176,181) (176,183)
 (177,187) (177,184) (177,194) (177,198) (177,178) (177,182)
 (178,189) (178,194) (178,187) (178,186) (178,182) (178,179) (178,196) (178,190) (178,191) (178,180)
 (179,186) (179,197) (179,187) (179,194) (179,192) (179,180) (179,188) (179,190)
 (180,182) (180,198) (180,183)
 (181,184) (181,196) (181,187) (181,197) (181,200) (181,191)
 (182,187) (182,197) (182,199) (182,196) (182,191) (182,185) (182,188)
 (183,193) (183,198) (183,191) (183,195) (183,185)
 (184,187) (184,185) (184,197)
 (185,188) (185,197) (185,192) (185,189)
 (186,198) (186,194) (186,196) (186,200) (186,197)
 (187,197) (187,198) (187,192) (187,195)
 (188,189) (188,191) (188,199) (188,192) (188,196)
 (189,192) (189,197) (189,194)
 (190,197) (190,199) (190,200) (190,191) (190,196) (190,192)
 (191,200) (191,199)
 (192,200)
 (193,200)
 (194,197) (194,199)
 (195,196)
 (196,197)
 (197,198)
 (198,199)
 (199,200)

;

end;
