# n200plap1i5.txt

# 5 cluster
param p := 5 ;

# 200 vertici
set V := 
 1 2 3 4 5 6 7 8 9 10 11 12 13 14 15 16 17 18 19 20 21 22 23 24 25 26 27 28 29 30 31 32 33 34 35 36 37 38 39 40 41 42 43 44 45 46 47 48 49 50 51 52 53 54 55 56 57 58 59 60 61 62 63 64 65 66 67 68 69 70 71 72 73 74 75 76 77 78 79 80 81 82 83 84 85 86 87 88 89 90 91 92 93 94 95 96 97 98 99 100 101 102 103 104 105 106 107 108 109 110 111 112 113 114 115 116 117 118 119 120 121 122 123 124 125 126 127 128 129 130 131 132 133 134 135 136 137 138 139 140 141 142 143 144 145 146 147 148 149 150 151 152 153 154 155 156 157 158 159 160 161 162 163 164 165 166 167 168 169 170 171 172 173 174 175 176 177 178 179 180 181 182 183 184 185 186 187 188 189 190 191 192 193 194 195 196 197 198 199 200
;

param w := 
  1    1
  2    3
  3    3
  4    3
  5    4
  6    6
  7    9
  8   10
  9   12
 10   13
 11   13
 12   16
 13   17
 14   19
 15   19
 16   20
 17   20
 18   23
 19   24
 20   28
 21   29
 22   29
 23   30
 24   32
 25   32
 26   33
 27   34
 28   34
 29   34
 30   35
 31   36
 32   37
 33   38
 34   39
 35   39
 36   40
 37   41
 38   42
 39   45
 40   45
 41   45
 42   47
 43   47
 44   49
 45   50
 46   50
 47   51
 48   51
 49   52
 50   55
 51   58
 52   58
 53   59
 54   59
 55   60
 56   62
 57   63
 58   64
 59   64
 60   64
 61   65
 62   65
 63   66
 64   69
 65   70
 66   70
 67   72
 68   73
 69   74
 70   74
 71   75
 72   77
 73   77
 74   78
 75   78
 76   79
 77   79
 78   79
 79   79
 80   80
 81   80
 82   81
 83   81
 84   84
 85   84
 86   87
 87   88
 88   89
 89   90
 90   91
 91   92
 92   93
 93   94
 94   96
 95   97
 96   98
 97   99
 98  100
 99  100
100  105
101  107
102  108
103  109
104  109
105  110
106  110
107  110
108  113
109  115
110  115
111  116
112  117
113  119
114  119
115  120
116  121
117  121
118  121
119  122
120  122
121  123
122  123
123  124
124  126
125  129
126  130
127  133
128  134
129  134
130  135
131  136
132  138
133  139
134  140
135  141
136  141
137  143
138  143
139  144
140  144
141  144
142  144
143  145
144  148
145  149
146  149
147  149
148  149
149  151
150  156
151  156
152  157
153  157
154  159
155  161
156  161
157  162
158  162
159  163
160  166
161  166
162  167
163  168
164  169
165  169
166  170
167  170
168  172
169  172
170  173
171  174
172  175
173  176
174  176
175  177
176  177
177  179
178  180
179  181
180  182
181  182
182  182
183  182
184  185
185  186
186  189
187  189
188  189
189  189
190  191
191  193
192  194
193  194
194  194
195  195
196  195
197  196
198  196
199  198
200  199
;

# 1156 lati
set E := 
 (1,126) (1,37) (1,10) (1,107) (1,94)
 (2,113) (2,101) (2,14) (2,199) (2,3) (2,192)
 (3,14) (3,140) (3,76) (3,42) (3,192) (3,22) (3,4) (3,195)
 (4,195) (4,14) (4,37) (4,126) (4,18) (4,113)
 (5,25) (5,154) (5,80) (5,130)
 (6,115) (6,89) (6,151) (6,100) (6,184) (6,36)
 (7,109) (7,75) (7,78) (7,195) (7,18) (7,22) (7,126) (7,143)
 (8,148) (8,103) (8,166) (8,50) (8,21)
 (9,135) (9,12) (9,57) (9,48) (9,108) (9,116)
 (10,74) (10,122) (10,103) (10,188) (10,126) (10,107)
 (11,138) (11,28) (11,45) (11,133) (11,152)
 (12,167) (12,48) (12,59) (12,63) (12,57)
 (13,125) (13,38) (13,142)
 (14,113)
 (15,177) (15,158) (15,174) (15,64) (15,134)
 (16,42) (16,192) (16,141)
 (17,110) (17,68) (17,193) (17,99) (17,119) (17,88) (17,55) (17,198)
 (18,75) (18,195) (18,126)
 (19,96) (19,82) (19,33) (19,31) (19,47) (19,146) (19,79)
 (20,97) (20,34) (20,199) (20,86) (20,51) (20,178) (20,101)
 (21,166) (21,169)
 (22,40) (22,195) (22,140) (22,32) (22,78)
 (23,43) (23,72) (23,115)
 (24,81) (24,27) (24,60) (24,91) (24,153) (24,198)
 (25,130) (25,129) (25,179) (25,154)
 (26,39) (26,144) (26,112) (26,53) (26,31) (26,175)
 (27,69) (27,119) (27,198) (27,58) (27,153)
 (28,160) (28,133) (28,101) (28,51) (28,35) (28,188) (28,45)
 (29,171) (29,199)
 (30,61) (30,90) (30,138) (30,45)
 (31,105) (31,53) (31,112) (31,146) (31,82)
 (32,136) (32,40) (32,78) (32,161) (32,155)
 (33,147) (33,96) (33,159) (33,154) (33,79) (33,132)
 (34,199) (34,101)
 (35,160) (35,133) (35,192) (35,120) (35,101) (35,56)
 (36,116) (36,182) (36,89) (36,57) (36,184)
 (37,94) (37,176) (37,124) (37,126) (37,113)
 (38,102) (38,41) (38,78) (38,142) (38,136) (38,125) (38,127)
 (39,53) (39,73) (39,144)
 (40,140) (40,155)
 (41,102) (41,148) (41,127) (41,193) (41,166) (41,88)
 (42,141) (42,192) (42,76)
 (43,159) (43,84) (43,72) (43,174) (43,130) (43,80) (43,115) (43,67)
 (44,104) (44,141) (44,165) (44,184) (44,157)
 (45,138) (45,73) (45,188) (45,189) (45,90)
 (46,86) (46,107) (46,85) (46,178) (46,97)
 (47,96) (47,168) (47,146) (47,105) (47,145)
 (48,183) (48,108) (48,59) (48,62)
 (49,71) (49,52) (49,58) (49,153) (49,172) (49,69) (49,186)
 (50,196) (50,148) (50,117) (50,143) (50,109) (50,103)
 (51,178) (51,101) (51,188)
 (52,172) (52,87) (52,156) (52,71) (52,64)
 (53,105) (53,145)
 (54,84) (54,95) (54,150)
 (55,169) (55,193) (55,198)
 (56,133) (56,120) (56,63) (56,165)
 (57,135) (57,165) (57,116) (57,63) (57,184)
 (58,69) (58,172) (58,87) (58,119)
 (59,183) (59,90) (59,197) (59,152) (59,167) (59,189)
 (60,200) (60,111) (60,91) (60,81) (60,92)
 (61,152) (61,90) (61,138)
 (62,197) (62,82) (62,112) (62,66) (62,183) (62,108)
 (63,167) (63,165) (63,133)
 (64,156) (64,134) (64,174) (64,83) (64,87) (64,114)
 (65,168) (65,145) (65,132)
 (66,112) (66,98) (66,197)
 (67,83) (67,174) (67,84) (67,186) (67,95) (67,71)
 (68,198) (68,119)
 (69,153)
 (70,85) (70,86) (70,124) (70,176)
 (71,83) (71,186) (71,156)
 (72,118) (72,174) (72,151) (72,190) (72,115)
 (73,137) (73,180) (73,144) (73,189)
 (74,103)
 (75,195)
 (76,104) (76,157) (76,140) (76,141) (76,184) (76,187)
 (77,163) (77,185) (77,125) (77,87) (77,114) (77,142) (77,99)
 (78,164) (78,136) (78,127) (78,143)
 (79,170) (79,159) (79,123) (79,89) (79,82)
 (80,159) (80,130) (80,147) (80,154)
 (81,111) (81,95) (81,131) (81,153) (81,128)
 (82,123) (82,108) (82,112)
 (83,156) (83,174)
 (84,150) (84,130) (84,95)
 (85,176) (85,107) (85,86)
 (86,97) (86,124) (86,199)
 (87,114) (87,172) (87,119) (87,99)
 (88,99) (88,110) (88,193) (88,102)
 (89,182) (89,170) (89,115) (89,123)
 (90,189) (90,152)
 (91,92) (91,198) (91,173)
 (92,162) (92,200) (92,149) (92,173)
 (93,155) (93,140) (93,158) (93,100) (93,187) (93,161)
 (94,176) (94,107)
 (95,186) (95,128) (95,150) (95,131)
 (96,168) (96,132)
 (97,178)
 (98,137) (98,191) (98,121) (98,197) (98,180) (98,112) (98,144) (98,189)
 (99,102) (99,119) (99,125)
 (100,187) (100,151) (100,184) (100,158) (100,118)
 (101,160) (101,192) (101,199)
 (102,125)
 (103,109) (103,122)
 (104,157) (104,141)
 (105,146) (105,145)
 (106,181) (106,139) (106,132) (106,154) (106,129)
 (107,176) (107,188) (107,178)
 (108,123) (108,182) (108,116)
 (109,122) (109,143) (109,126)
 (110,193)
 (111,128) (111,200)
 (112,175) (112,121)
 (113,199) (113,124)
 (114,163) (114,134)
 (115,190) (115,159) (115,151) (115,170)
 (116,135) (116,182)
 (117,196) (117,143) (117,127) (117,164)
 (118,151) (118,174) (118,158)
 (119,198)
 (120,192) (120,165)
 (121,175) (121,191)
 (122,126)
 (123,182)
 (124,199) (124,176)
 (125,142)

 (127,196) (127,164) (127,148)
 (128,179) (128,149) (128,129) (128,200) (128,150)
 (129,194) (129,181) (129,179) (129,154) (129,149)
 (130,150) (130,179)
 (131,186) (131,153)
 (132,145) (132,139) (132,168) (132,154)
 (133,152) (133,167)
 (134,177) (134,163) (134,185)

 (136,161) (136,142)
 (137,180) (137,144)
 (138,152)
 (139,145) (139,194) (139,173) (139,181)
 (140,155) (140,187)
 (141,192) (141,165)
 (142,185) (142,161)
 (143,164)
 (144,191) (144,175)
 (145,173) (145,168)

 (147,154) (147,159)
 (148,196) (148,166)
 (149,162) (149,194) (149,200) (149,173)
 (150,179)
 (151,190)
 (152,167)
 (153,186)

 (155,161)

 (157,184)
 (158,161) (158,177) (158,174)
 (159,170)

 (161,177) (161,185)
 (162,173)
 (163,185)

 (165,192) (165,184)
 (166,193) (166,169)


 (169,193)

 (171,199)

 (173,194)

 (175,191)

 (177,185)
 (178,188)

 (180,189)
 (181,194)

 (183,197)
 (184,187)




 (189,197)











;

end;
