# n200d03p3i4.txt

# 38 cluster
param p := 38 ;

# 200 vertici
set V := 
 1 2 3 4 5 6 7 8 9 10 11 12 13 14 15 16 17 18 19 20 21 22 23 24 25 26 27 28 29 30 31 32 33 34 35 36 37 38 39 40 41 42 43 44 45 46 47 48 49 50 51 52 53 54 55 56 57 58 59 60 61 62 63 64 65 66 67 68 69 70 71 72 73 74 75 76 77 78 79 80 81 82 83 84 85 86 87 88 89 90 91 92 93 94 95 96 97 98 99 100 101 102 103 104 105 106 107 108 109 110 111 112 113 114 115 116 117 118 119 120 121 122 123 124 125 126 127 128 129 130 131 132 133 134 135 136 137 138 139 140 141 142 143 144 145 146 147 148 149 150 151 152 153 154 155 156 157 158 159 160 161 162 163 164 165 166 167 168 169 170 171 172 173 174 175 176 177 178 179 180 181 182 183 184 185 186 187 188 189 190 191 192 193 194 195 196 197 198 199 200
;

param w := 
  1    1
  2    1
  3    2
  4    3
  5    3
  6    4
  7    4
  8    5
  9    6
 10    7
 11    7
 12    9
 13    9
 14   10
 15   11
 16   12
 17   15
 18   16
 19   17
 20   18
 21   18
 22   20
 23   21
 24   23
 25   26
 26   27
 27   29
 28   32
 29   32
 30   32
 31   34
 32   37
 33   38
 34   38
 35   42
 36   44
 37   45
 38   45
 39   45
 40   45
 41   47
 42   47
 43   47
 44   49
 45   49
 46   50
 47   51
 48   52
 49   52
 50   53
 51   53
 52   53
 53   53
 54   54
 55   54
 56   56
 57   56
 58   58
 59   61
 60   61
 61   61
 62   62
 63   62
 64   63
 65   65
 66   65
 67   66
 68   69
 69   70
 70   72
 71   72
 72   74
 73   74
 74   75
 75   76
 76   76
 77   77
 78   78
 79   78
 80   80
 81   81
 82   82
 83   82
 84   82
 85   84
 86   84
 87   86
 88   86
 89   87
 90   88
 91   89
 92   90
 93   91
 94   93
 95   95
 96   95
 97   96
 98   97
 99   99
100  100
101  102
102  103
103  103
104  103
105  104
106  104
107  105
108  105
109  105
110  106
111  106
112  107
113  108
114  110
115  110
116  111
117  112
118  114
119  115
120  115
121  115
122  117
123  117
124  121
125  122
126  122
127  123
128  124
129  124
130  125
131  125
132  126
133  128
134  129
135  129
136  130
137  130
138  132
139  133
140  135
141  138
142  138
143  139
144  142
145  143
146  143
147  143
148  146
149  147
150  148
151  149
152  149
153  149
154  151
155  153
156  154
157  154
158  154
159  155
160  156
161  157
162  160
163  160
164  161
165  161
166  161
167  161
168  162
169  163
170  164
171  166
172  166
173  166
174  166
175  167
176  169
177  170
178  170
179  172
180  172
181  174
182  175
183  178
184  180
185  180
186  181
187  182
188  182
189  183
190  183
191  184
192  185
193  186
194  189
195  189
196  191
197  194
198  196
199  197
200  199
;

# 13266 lati
set E := 
 (1,72) (1,148) (1,28) (1,116) (1,27) (1,99) (1,16) (1,74) (1,60) (1,42) (1,50) (1,66) (1,191) (1,171) (1,128) (1,25) (1,24) (1,38) (1,79) (1,63) (1,110) (1,135) (1,92) (1,117) (1,53) (1,34) (1,31) (1,170) (1,67) (1,56) (1,161) (1,12) (1,54) (1,163) (1,165) (1,49) (1,198) (1,80) (1,146) (1,21) (1,114) (1,196) (1,175) (1,83) (1,173) (1,57) (1,145) (1,197) (1,184) (1,59) (1,13) (1,10) (1,127) (1,26) (1,47) (1,30)
 (2,200) (2,191) (2,126) (2,102) (2,167) (2,83) (2,141) (2,163) (2,80) (2,160) (2,54) (2,78) (2,108) (2,17) (2,132) (2,81) (2,137) (2,148) (2,35) (2,131) (2,190) (2,77) (2,94) (2,86) (2,23) (2,92) (2,178) (2,135) (2,105) (2,114) (2,87) (2,84) (2,106) (2,140) (2,28) (2,30) (2,22) (2,168) (2,16) (2,181) (2,127) (2,198) (2,99) (2,122) (2,73) (2,33) (2,118) (2,180) (2,98) (2,32) (2,119) (2,64) (2,189) (2,113) (2,183) (2,196) (2,152) (2,111) (2,117) (2,39) (2,120) (2,139)
 (3,24) (3,85) (3,142) (3,136) (3,37) (3,198) (3,12) (3,115) (3,100) (3,25) (3,46) (3,56) (3,135) (3,141) (3,40) (3,93) (3,110) (3,96) (3,187) (3,107) (3,72) (3,166) (3,34) (3,44) (3,66) (3,122) (3,162) (3,47) (3,77) (3,104) (3,185) (3,108) (3,121) (3,15) (3,18) (3,30) (3,192) (3,154) (3,146) (3,5) (3,32) (3,170) (3,39) (3,84) (3,73) (3,41) (3,137) (3,13) (3,98) (3,140) (3,17) (3,35) (3,199) (3,97) (3,168) (3,197) (3,7) (3,6) (3,4) (3,79) (3,155) (3,10) (3,175) (3,120) (3,172) (3,158) (3,133) (3,49) (3,177) (3,193)
 (4,119) (4,180) (4,27) (4,122) (4,181) (4,151) (4,40) (4,9) (4,171) (4,72) (4,51) (4,77) (4,21) (4,63) (4,188) (4,53) (4,88) (4,68) (4,152) (4,89) (4,169) (4,137) (4,32) (4,36) (4,8) (4,67) (4,182) (4,55) (4,18) (4,125) (4,71) (4,28) (4,184) (4,84) (4,85) (4,44) (4,187) (4,142) (4,133) (4,195) (4,47) (4,132) (4,175) (4,17) (4,78) (4,104) (4,196) (4,60) (4,81) (4,170) (4,82) (4,100) (4,102)
 (5,138) (5,92) (5,152) (5,94) (5,64) (5,145) (5,38) (5,50) (5,95) (5,200) (5,39) (5,116) (5,31) (5,85) (5,189) (5,71) (5,48) (5,149) (5,158) (5,18) (5,54) (5,33) (5,155) (5,132) (5,23) (5,96) (5,144) (5,15) (5,49) (5,130) (5,146) (5,164) (5,104) (5,34) (5,180) (5,188) (5,171) (5,90) (5,101) (5,133) (5,27) (5,167) (5,40) (5,109) (5,114) (5,125) (5,121) (5,73) (5,137) (5,143) (5,36) (5,165) (5,43) (5,66) (5,55) (5,57) (5,37) (5,173) (5,42) (5,86) (5,59) (5,199) (5,87) (5,28) (5,91) (5,80) (5,159) (5,129)
 (6,200) (6,90) (6,94) (6,181) (6,14) (6,32) (6,198) (6,127) (6,85) (6,144) (6,44) (6,116) (6,95) (6,128) (6,106) (6,63) (6,146) (6,170) (6,152) (6,25) (6,120) (6,112) (6,29) (6,59) (6,15) (6,159) (6,190) (6,76) (6,19) (6,195) (6,81) (6,136) (6,86) (6,88) (6,102) (6,178) (6,161) (6,20) (6,135) (6,42) (6,149) (6,45) (6,34) (6,165) (6,186) (6,143) (6,71) (6,78) (6,117) (6,160) (6,119) (6,114) (6,163) (6,148) (6,199) (6,96) (6,41) (6,130) (6,158) (6,138) (6,99) (6,187) (6,185) (6,61) (6,162) (6,124) (6,168) (6,133)
 (7,86) (7,53) (7,158) (7,131) (7,68) (7,31) (7,75) (7,64) (7,167) (7,165) (7,157) (7,163) (7,109) (7,35) (7,26) (7,19) (7,14) (7,102) (7,126) (7,183) (7,36) (7,198) (7,125) (7,197) (7,145) (7,147) (7,60) (7,124) (7,88) (7,66) (7,38) (7,91) (7,97) (7,32) (7,200) (7,164) (7,132) (7,168) (7,25) (7,27) (7,79) (7,117) (7,130) (7,63) (7,180) (7,196) (7,128) (7,146) (7,96) (7,51) (7,70) (7,82) (7,50) (7,187) (7,191) (7,55) (7,184) (7,143) (7,65) (7,114) (7,10)
 (8,165) (8,9) (8,120) (8,123) (8,182) (8,106) (8,23) (8,179) (8,139) (8,11) (8,117) (8,59) (8,16) (8,148) (8,80) (8,162) (8,48) (8,61) (8,58) (8,142) (8,77) (8,39) (8,187) (8,137) (8,175) (8,197) (8,47) (8,68) (8,100) (8,22) (8,79) (8,149) (8,188) (8,74) (8,28) (8,168) (8,143) (8,163) (8,21) (8,119) (8,35) (8,46) (8,44) (8,156) (8,73) (8,45) (8,91) (8,146) (8,42) (8,12) (8,108) (8,97) (8,85) (8,140) (8,93) (8,115) (8,17) (8,150) (8,180) (8,195) (8,63) (8,51)
 (9,146) (9,158) (9,37) (9,153) (9,55) (9,64) (9,125) (9,97) (9,103) (9,177) (9,116) (9,41) (9,149) (9,29) (9,65) (9,197) (9,24) (9,123) (9,179) (9,109) (9,60) (9,73) (9,71) (9,129) (9,132) (9,95) (9,104) (9,144) (9,36) (9,108) (9,87) (9,184) (9,166) (9,167) (9,11) (9,190) (9,105) (9,101) (9,78) (9,136) (9,63) (9,121) (9,140) (9,152) (9,16) (9,67) (9,155) (9,69) (9,127) (9,112) (9,126) (9,12) (9,35) (9,96) (9,181) (9,143) (9,39) (9,163)
 (10,199) (10,123) (10,151) (10,67) (10,92) (10,74) (10,114) (10,111) (10,135) (10,22) (10,83) (10,134) (10,183) (10,23) (10,121) (10,147) (10,185) (10,62) (10,72) (10,136) (10,65) (10,82) (10,168) (10,84) (10,131) (10,54) (10,197) (10,120) (10,24) (10,95) (10,29) (10,145) (10,179) (10,17) (10,43) (10,142) (10,158) (10,191) (10,196) (10,148) (10,193) (10,129) (10,164) (10,198) (10,88) (10,56) (10,86) (10,181) (10,165) (10,41) (10,186) (10,160) (10,144) (10,91) (10,108) (10,190) (10,166) (10,28) (10,61) (10,98)
 (11,39) (11,33) (11,22) (11,156) (11,43) (11,36) (11,118) (11,136) (11,75) (11,77) (11,138) (11,170) (11,135) (11,124) (11,139) (11,31) (11,14) (11,174) (11,82) (11,102) (11,56) (11,67) (11,30) (11,178) (11,172) (11,186) (11,175) (11,130) (11,169) (11,20) (11,90) (11,69) (11,13) (11,116) (11,128) (11,73) (11,98) (11,49) (11,101) (11,129) (11,68) (11,99) (11,27) (11,23) (11,15) (11,105) (11,117) (11,45) (11,114) (11,163) (11,122) (11,123) (11,160) (11,115) (11,53) (11,194) (11,26) (11,107) (11,95) (11,84) (11,181) (11,176)
 (12,175) (12,122) (12,78) (12,52) (12,35) (12,115) (12,60) (12,57) (12,43) (12,178) (12,114) (12,199) (12,29) (12,75) (12,38) (12,85) (12,186) (12,31) (12,187) (12,116) (12,79) (12,108) (12,166) (12,59) (12,62) (12,194) (12,177) (12,176) (12,140) (12,184) (12,18) (12,120) (12,70) (12,146) (12,191) (12,106) (12,134) (12,150) (12,197) (12,17) (12,99) (12,181) (12,66) (12,80) (12,61) (12,58) (12,87) (12,167) (12,190) (12,183) (12,54) (12,154) (12,131) (12,94) (12,165) (12,135) (12,28) (12,200) (12,88) (12,113) (12,69)
 (13,163) (13,152) (13,41) (13,59) (13,170) (13,186) (13,90) (13,118) (13,73) (13,144) (13,33) (13,189) (13,99) (13,88) (13,173) (13,141) (13,34) (13,165) (13,65) (13,111) (13,52) (13,102) (13,24) (13,125) (13,101) (13,67) (13,84) (13,79) (13,56) (13,120) (13,104) (13,130) (13,20) (13,57) (13,26) (13,61) (13,23) (13,51) (13,200) (13,156) (13,77) (13,159) (13,17) (13,49) (13,22) (13,146) (13,153) (13,187) (13,174) (13,140) (13,30) (13,96) (13,148) (13,147) (13,162) (13,53) (13,31) (13,62) (13,91) (13,195) (13,131) (13,94) (13,68) (13,123)
 (14,116) (14,195) (14,143) (14,95) (14,45) (14,126) (14,33) (14,28) (14,82) (14,79) (14,35) (14,106) (14,183) (14,101) (14,48) (14,150) (14,146) (14,59) (14,107) (14,31) (14,168) (14,139) (14,151) (14,40) (14,94) (14,78) (14,97) (14,65) (14,87) (14,113) (14,69) (14,157) (14,191) (14,200) (14,193) (14,178) (14,142) (14,196) (14,55) (14,25) (14,117) (14,19) (14,129) (14,180) (14,132) (14,57) (14,153) (14,169) (14,144) (14,184) (14,152) (14,119) (14,108) (14,81) (14,111) (14,120) (14,103) (14,27) (14,161) (14,15) (14,47)
 (15,49) (15,171) (15,51) (15,183) (15,188) (15,180) (15,115) (15,41) (15,61) (15,77) (15,125) (15,29) (15,54) (15,121) (15,119) (15,106) (15,128) (15,191) (15,42) (15,52) (15,182) (15,196) (15,55) (15,90) (15,45) (15,166) (15,142) (15,164) (15,83) (15,73) (15,108) (15,167) (15,34) (15,129) (15,76) (15,137) (15,16) (15,19) (15,138) (15,100) (15,96) (15,181) (15,184) (15,107) (15,193) (15,148) (15,151) (15,175) (15,28) (15,74) (15,152) (15,80) (15,173) (15,26) (15,63) (15,136) (15,169) (15,94) (15,70)
 (16,128) (16,20) (16,22) (16,95) (16,69) (16,123) (16,67) (16,92) (16,85) (16,149) (16,46) (16,45) (16,122) (16,180) (16,30) (16,57) (16,39) (16,117) (16,176) (16,139) (16,171) (16,50) (16,121) (16,124) (16,196) (16,105) (16,184) (16,65) (16,141) (16,142) (16,81) (16,97) (16,118) (16,55) (16,17) (16,72) (16,138) (16,167) (16,170) (16,38) (16,37) (16,98) (16,199) (16,137) (16,82) (16,60) (16,197) (16,200) (16,96) (16,87) (16,70) (16,59) (16,83) (16,143) (16,119) (16,165) (16,136) (16,166) (16,161) (16,91) (16,155) (16,158) (16,151) (16,62) (16,80) (16,49) (16,132)
 (17,139) (17,156) (17,87) (17,122) (17,69) (17,88) (17,118) (17,57) (17,91) (17,54) (17,194) (17,165) (17,126) (17,157) (17,59) (17,177) (17,53) (17,188) (17,187) (17,101) (17,153) (17,195) (17,167) (17,98) (17,191) (17,124) (17,55) (17,152) (17,90) (17,74) (17,30) (17,193) (17,154) (17,121) (17,103) (17,146) (17,196) (17,169) (17,173) (17,32) (17,34) (17,72) (17,102) (17,155) (17,81) (17,109) (17,99) (17,131) (17,40) (17,125) (17,200) (17,184) (17,134) (17,120) (17,144) (17,95) (17,142)
 (18,85) (18,112) (18,97) (18,132) (18,140) (18,51) (18,37) (18,126) (18,177) (18,153) (18,146) (18,194) (18,165) (18,54) (18,172) (18,99) (18,143) (18,23) (18,38) (18,40) (18,159) (18,139) (18,84) (18,199) (18,196) (18,173) (18,45) (18,49) (18,119) (18,44) (18,154) (18,92) (18,72) (18,27) (18,59) (18,63) (18,141) (18,178) (18,174) (18,83) (18,88) (18,131) (18,20) (18,101) (18,120) (18,150) (18,25) (18,185) (18,192) (18,69) (18,65) (18,133) (18,135) (18,142) (18,53) (18,149) (18,113) (18,48) (18,197) (18,162) (18,138) (18,124) (18,108)
 (19,122) (19,38) (19,63) (19,34) (19,160) (19,69) (19,58) (19,123) (19,132) (19,126) (19,46) (19,186) (19,89) (19,104) (19,103) (19,88) (19,112) (19,78) (19,173) (19,121) (19,136) (19,106) (19,127) (19,163) (19,135) (19,66) (19,113) (19,40) (19,139) (19,109) (19,27) (19,169) (19,37) (19,108) (19,151) (19,23) (19,86) (19,48) (19,65) (19,200) (19,117) (19,75) (19,138) (19,114) (19,134) (19,111) (19,130) (19,133) (19,77) (19,191) (19,56) (19,35) (19,198) (19,71) (19,54) (19,181) (19,101) (19,155) (19,41) (19,150) (19,43) (19,44) (19,199) (19,179) (19,100) (19,49) (19,178) (19,189) (19,172) (19,60) (19,70)
 (20,187) (20,25) (20,50) (20,125) (20,89) (20,67) (20,88) (20,184) (20,155) (20,103) (20,163) (20,24) (20,77) (20,32) (20,117) (20,199) (20,189) (20,173) (20,53) (20,180) (20,57) (20,55) (20,115) (20,79) (20,86) (20,198) (20,74) (20,85) (20,92) (20,56) (20,98) (20,140) (20,21) (20,138) (20,71) (20,47) (20,166) (20,114) (20,196) (20,93) (20,113) (20,181) (20,191) (20,139) (20,116) (20,182) (20,136) (20,82) (20,143) (20,132) (20,156) (20,126) (20,152) (20,51) (20,49) (20,81) (20,68) (20,107) (20,61) (20,176) (20,40) (20,99) (20,97) (20,27) (20,83) (20,188) (20,105)
 (21,136) (21,70) (21,112) (21,58) (21,149) (21,185) (21,171) (21,46) (21,111) (21,53) (21,94) (21,154) (21,130) (21,188) (21,181) (21,134) (21,35) (21,179) (21,29) (21,132) (21,173) (21,23) (21,65) (21,199) (21,34) (21,92) (21,109) (21,42) (21,139) (21,25) (21,76) (21,138) (21,108) (21,153) (21,161) (21,75) (21,169) (21,155) (21,83) (21,157) (21,84) (21,177) (21,51) (21,150) (21,164) (21,152) (21,163) (21,107) (21,38) (21,52)
 (22,94) (22,189) (22,129) (22,192) (22,33) (22,145) (22,187) (22,114) (22,130) (22,50) (22,164) (22,151) (22,39) (22,107) (22,36) (22,82) (22,167) (22,144) (22,132) (22,102) (22,100) (22,32) (22,91) (22,84) (22,178) (22,136) (22,31) (22,137) (22,63) (22,157) (22,122) (22,72) (22,126) (22,98) (22,159) (22,143) (22,85) (22,93) (22,96) (22,119) (22,193) (22,177) (22,196) (22,198) (22,71) (22,57) (22,121) (22,88) (22,138) (22,26) (22,180) (22,51) (22,69) (22,38) (22,108) (22,112) (22,49) (22,118) (22,124) (22,166) (22,41) (22,105) (22,65)
 (23,199) (23,183) (23,27) (23,172) (23,166) (23,66) (23,92) (23,158) (23,148) (23,64) (23,28) (23,70) (23,61) (23,136) (23,80) (23,160) (23,126) (23,180) (23,110) (23,129) (23,43) (23,29) (23,198) (23,53) (23,189) (23,25) (23,191) (23,156) (23,196) (23,107) (23,124) (23,67) (23,174) (23,102) (23,200) (23,63) (23,151) (23,118) (23,142) (23,103) (23,79) (23,194) (23,132) (23,41) (23,150) (23,119) (23,78) (23,187) (23,140) (23,82) (23,106)
 (24,183) (24,59) (24,123) (24,88) (24,100) (24,161) (24,119) (24,151) (24,45) (24,124) (24,166) (24,38) (24,105) (24,187) (24,77) (24,189) (24,176) (24,115) (24,30) (24,64) (24,26) (24,120) (24,145) (24,93) (24,133) (24,169) (24,43) (24,160) (24,65) (24,57) (24,155) (24,37) (24,69) (24,102) (24,66) (24,25) (24,121) (24,140) (24,198) (24,157) (24,146) (24,184) (24,95) (24,40) (24,158) (24,143) (24,130) (24,92) (24,50) (24,84) (24,178) (24,117) (24,108) (24,53)
 (25,105) (25,41) (25,122) (25,167) (25,166) (25,87) (25,101) (25,36) (25,192) (25,43) (25,155) (25,181) (25,44) (25,128) (25,127) (25,91) (25,61) (25,157) (25,158) (25,153) (25,138) (25,197) (25,161) (25,132) (25,65) (25,143) (25,95) (25,118) (25,75) (25,186) (25,172) (25,151) (25,67) (25,37) (25,94) (25,50) (25,123) (25,73) (25,56) (25,111) (25,64) (25,154) (25,74) (25,170) (25,117) (25,45) (25,71) (25,198) (25,136) (25,90) (25,131) (25,196) (25,27) (25,86) (25,190) (25,98) (25,114) (25,130) (25,109) (25,47) (25,78) (25,144) (25,106) (25,97) (25,93) (25,104) (25,180) (25,29) (25,66) (25,85) (25,115) (25,164) (25,187) (25,174) (25,195) (25,102) (25,188) (25,150)
 (26,40) (26,149) (26,130) (26,112) (26,105) (26,131) (26,107) (26,117) (26,115) (26,180) (26,158) (26,72) (26,109) (26,164) (26,142) (26,34) (26,69) (26,57) (26,186) (26,120) (26,108) (26,159) (26,106) (26,53) (26,192) (26,110) (26,49) (26,153) (26,75) (26,29) (26,60) (26,86) (26,93) (26,70) (26,95) (26,80) (26,64) (26,189) (26,138) (26,111) (26,156) (26,56) (26,65) (26,94) (26,129) (26,126) (26,88) (26,143) (26,177) (26,169) (26,90) (26,67) (26,127)
 (27,51) (27,63) (27,130) (27,149) (27,54) (27,193) (27,97) (27,151) (27,60) (27,41) (27,192) (27,131) (27,47) (27,49) (27,111) (27,153) (27,167) (27,82) (27,180) (27,76) (27,170) (27,42) (27,88) (27,191) (27,77) (27,146) (27,45) (27,172) (27,67) (27,143) (27,64) (27,196) (27,195) (27,134) (27,107) (27,142) (27,126) (27,162) (27,43) (27,65) (27,150) (27,46) (27,30) (27,85) (27,72) (27,145) (27,140) (27,50) (27,61) (27,113) (27,70) (27,135) (27,106) (27,174) (27,182)
 (28,49) (28,89) (28,58) (28,112) (28,171) (28,114) (28,164) (28,115) (28,83) (28,67) (28,54) (28,153) (28,154) (28,180) (28,183) (28,118) (28,198) (28,66) (28,167) (28,152) (28,93) (28,126) (28,186) (28,84) (28,132) (28,147) (28,68) (28,109) (28,159) (28,197) (28,101) (28,38) (28,65) (28,151) (28,53) (28,32) (28,138) (28,166) (28,182) (28,76) (28,34) (28,169) (28,162) (28,173) (28,148) (28,123) (28,45)
 (29,184) (29,114) (29,138) (29,59) (29,119) (29,191) (29,73) (29,51) (29,32) (29,135) (29,128) (29,168) (29,190) (29,118) (29,175) (29,96) (29,183) (29,197) (29,64) (29,58) (29,81) (29,53) (29,148) (29,84) (29,65) (29,54) (29,198) (29,156) (29,153) (29,78) (29,122) (29,42) (29,172) (29,47) (29,154) (29,72) (29,56) (29,85) (29,63) (29,98) (29,151) (29,165) (29,163) (29,60) (29,137) (29,88) (29,37) (29,115) (29,95) (29,74) (29,116) (29,140) (29,176) (29,179) (29,107) (29,62) (29,188) (29,105) (29,70)
 (30,58) (30,67) (30,33) (30,117) (30,99) (30,192) (30,174) (30,158) (30,108) (30,82) (30,50) (30,146) (30,177) (30,137) (30,91) (30,31) (30,113) (30,75) (30,87) (30,86) (30,187) (30,147) (30,57) (30,194) (30,140) (30,129) (30,144) (30,77) (30,138) (30,65) (30,134) (30,197) (30,70) (30,179) (30,96) (30,165) (30,105) (30,200) (30,160) (30,102) (30,183) (30,185) (30,74) (30,157) (30,98) (30,141) (30,84) (30,85) (30,92) (30,69) (30,37) (30,53) (30,125) (30,100)
 (31,107) (31,200) (31,117) (31,128) (31,198) (31,172) (31,170) (31,92) (31,139) (31,123) (31,66) (31,41) (31,89) (31,151) (31,153) (31,183) (31,146) (31,181) (31,34) (31,104) (31,49) (31,152) (31,39) (31,54) (31,69) (31,115) (31,99) (31,169) (31,127) (31,53) (31,100) (31,52) (31,144) (31,147) (31,47) (31,77) (31,126) (31,142) (31,155) (31,112) (31,51) (31,76) (31,56) (31,186) (31,157) (31,145) (31,131) (31,124) (31,46)
 (32,117) (32,77) (32,36) (32,100) (32,199) (32,126) (32,133) (32,85) (32,161) (32,183) (32,43) (32,61) (32,99) (32,105) (32,104) (32,44) (32,63) (32,55) (32,52) (32,184) (32,84) (32,168) (32,185) (32,200) (32,194) (32,150) (32,38) (32,95) (32,69) (32,148) (32,109) (32,165) (32,66) (32,73) (32,82) (32,196) (32,130) (32,169) (32,147) (32,107) (32,68) (32,125) (32,58) (32,143) (32,129) (32,157) (32,47) (32,166) (32,83) (32,81) (32,136) (32,159) (32,139) (32,191) (32,96) (32,57) (32,135) (32,34) (32,141)
 (33,112) (33,167) (33,117) (33,114) (33,76) (33,65) (33,125) (33,181) (33,120) (33,54) (33,126) (33,152) (33,136) (33,95) (33,35) (33,75) (33,140) (33,121) (33,182) (33,34) (33,37) (33,124) (33,190) (33,137) (33,189) (33,178) (33,162) (33,41) (33,148) (33,179) (33,155) (33,138) (33,183) (33,71) (33,84) (33,46) (33,171) (33,51) (33,47) (33,174) (33,94) (33,184) (33,44) (33,64) (33,199) (33,177) (33,166) (33,110) (33,73)
 (34,193) (34,69) (34,111) (34,168) (34,165) (34,85) (34,156) (34,63) (34,194) (34,150) (34,98) (34,126) (34,181) (34,167) (34,73) (34,60) (34,183) (34,114) (34,153) (34,93) (34,182) (34,132) (34,123) (34,145) (34,129) (34,186) (34,74) (34,115) (34,80) (34,75) (34,55) (34,169) (34,109) (34,40) (34,79) (34,67) (34,94) (34,135) (34,155) (34,166) (34,200) (34,42) (34,59) (34,174) (34,154) (34,92) (34,128) (34,185) (34,141) (34,179) (34,190) (34,90) (34,148) (34,133) (34,65)
 (35,80) (35,37) (35,153) (35,137) (35,107) (35,76) (35,61) (35,143) (35,122) (35,157) (35,93) (35,53) (35,101) (35,145) (35,114) (35,103) (35,69) (35,154) (35,74) (35,193) (35,120) (35,170) (35,150) (35,127) (35,82) (35,59) (35,113) (35,119) (35,39) (35,183) (35,181) (35,159) (35,195) (35,200) (35,130) (35,77) (35,42) (35,167) (35,117) (35,85) (35,73) (35,187) (35,79) (35,149) (35,43) (35,179) (35,68) (35,162) (35,110) (35,75) (35,163) (35,38) (35,84) (35,191) (35,94) (35,105) (35,141) (35,63) (35,118) (35,81) (35,155)
 (36,168) (36,164) (36,131) (36,76) (36,84) (36,106) (36,165) (36,181) (36,63) (36,139) (36,55) (36,82) (36,185) (36,144) (36,200) (36,90) (36,125) (36,57) (36,155) (36,71) (36,136) (36,169) (36,108) (36,161) (36,157) (36,160) (36,141) (36,40) (36,170) (36,189) (36,68) (36,192) (36,129) (36,111) (36,89) (36,45) (36,62) (36,54) (36,153) (36,124) (36,132) (36,49) (36,195) (36,158) (36,109) (36,47) (36,110) (36,95) (36,107) (36,151) (36,191) (36,146) (36,116) (36,92) (36,64) (36,66) (36,48) (36,87) (36,117) (36,53) (36,172)
 (37,46) (37,192) (37,84) (37,134) (37,145) (37,191) (37,185) (37,53) (37,151) (37,95) (37,111) (37,112) (37,102) (37,155) (37,94) (37,49) (37,71) (37,64) (37,143) (37,165) (37,141) (37,152) (37,60) (37,107) (37,77) (37,56) (37,117) (37,58) (37,55) (37,158) (37,148) (37,40) (37,159) (37,87) (37,38) (37,175) (37,78) (37,61) (37,179) (37,97) (37,89) (37,50) (37,45) (37,92) (37,106) (37,99) (37,131) (37,169) (37,52) (37,176) (37,124) (37,178) (37,126) (37,154)
 (38,52) (38,160) (38,181) (38,188) (38,128) (38,151) (38,79) (38,185) (38,119) (38,109) (38,198) (38,87) (38,125) (38,66) (38,70) (38,93) (38,57) (38,44) (38,156) (38,81) (38,163) (38,133) (38,158) (38,182) (38,82) (38,155) (38,165) (38,46) (38,164) (38,64) (38,173) (38,91) (38,145) (38,141) (38,114) (38,86) (38,120) (38,124) (38,153) (38,58) (38,89) (38,103) (38,50) (38,187) (38,137) (38,54)
 (39,189) (39,196) (39,98) (39,130) (39,76) (39,78) (39,93) (39,91) (39,77) (39,134) (39,65) (39,181) (39,131) (39,84) (39,147) (39,53) (39,135) (39,120) (39,86) (39,67) (39,194) (39,42) (39,165) (39,80) (39,81) (39,186) (39,136) (39,108) (39,190) (39,49) (39,88) (39,87) (39,41) (39,101) (39,99) (39,50) (39,125) (39,106) (39,164) (39,104) (39,75) (39,119) (39,143) (39,160) (39,153) (39,154) (39,151) (39,94) (39,56) (39,44)
 (40,174) (40,130) (40,179) (40,41) (40,90) (40,171) (40,78) (40,106) (40,60) (40,64) (40,195) (40,61) (40,173) (40,163) (40,199) (40,191) (40,141) (40,122) (40,43) (40,162) (40,44) (40,95) (40,75) (40,161) (40,125) (40,127) (40,186) (40,68) (40,128) (40,101) (40,180) (40,48) (40,133) (40,165) (40,66) (40,181) (40,70) (40,155) (40,42) (40,92) (40,56) (40,164) (40,85) (40,107) (40,82) (40,113) (40,97) (40,99)
 (41,135) (41,186) (41,63) (41,112) (41,60) (41,86) (41,51) (41,45) (41,192) (41,88) (41,193) (41,46) (41,184) (41,148) (41,106) (41,155) (41,187) (41,197) (41,108) (41,87) (41,82) (41,195) (41,154) (41,97) (41,137) (41,101) (41,89) (41,80) (41,177) (41,196) (41,140) (41,68) (41,96) (41,109) (41,194) (41,181) (41,146) (41,115) (41,47) (41,198) (41,119) (41,172) (41,149) (41,71) (41,53) (41,157) (41,111) (41,178) (41,74) (41,167) (41,156) (41,159) (41,134)
 (42,95) (42,66) (42,164) (42,155) (42,55) (42,142) (42,159) (42,43) (42,71) (42,126) (42,92) (42,68) (42,51) (42,116) (42,148) (42,91) (42,58) (42,154) (42,184) (42,183) (42,144) (42,198) (42,83) (42,138) (42,77) (42,197) (42,124) (42,53) (42,63) (42,146) (42,100) (42,81) (42,97) (42,140) (42,44) (42,70) (42,174) (42,64) (42,127) (42,111) (42,170) (42,112) (42,117) (42,106) (42,122) (42,75) (42,52) (42,156) (42,82) (42,125) (42,147) (42,114) (42,57) (42,72) (42,194) (42,87) (42,113)
 (43,89) (43,122) (43,160) (43,45) (43,138) (43,194) (43,58) (43,172) (43,150) (43,198) (43,110) (43,55) (43,130) (43,176) (43,140) (43,79) (43,159) (43,117) (43,77) (43,74) (43,175) (43,49) (43,120) (43,145) (43,171) (43,136) (43,131) (43,186) (43,162) (43,161) (43,168) (43,87) (43,184) (43,86) (43,107) (43,53) (43,129) (43,185) (43,105) (43,56) (43,100) (43,133) (43,84) (43,180) (43,111) (43,190) (43,94) (43,85) (43,104) (43,118) (43,155) (43,126) (43,183) (43,102) (43,124) (43,166) (43,191) (43,144) (43,139)
 (44,83) (44,63) (44,78) (44,61) (44,173) (44,166) (44,148) (44,135) (44,171) (44,180) (44,137) (44,115) (44,174) (44,57) (44,163) (44,85) (44,195) (44,198) (44,95) (44,88) (44,128) (44,67) (44,94) (44,46) (44,190) (44,74) (44,199) (44,76) (44,96) (44,182) (44,129) (44,114) (44,149) (44,93) (44,48) (44,175) (44,100) (44,200) (44,146) (44,99) (44,156) (44,143) (44,69) (44,127) (44,59) (44,109) (44,145) (44,169) (44,97) (44,178) (44,179) (44,47) (44,152) (44,138) (44,131) (44,56) (44,82) (44,144)
 (45,109) (45,52) (45,97) (45,50) (45,136) (45,124) (45,147) (45,139) (45,123) (45,172) (45,119) (45,114) (45,151) (45,178) (45,83) (45,77) (45,107) (45,156) (45,137) (45,179) (45,188) (45,138) (45,133) (45,58) (45,74) (45,55) (45,71) (45,86) (45,182) (45,169) (45,167) (45,104) (45,51) (45,101) (45,64) (45,49) (45,134) (45,62) (45,164) (45,196) (45,183) (45,84) (45,93) (45,186) (45,118) (45,173) (45,111) (45,171) (45,108) (45,65)
 (46,184) (46,163) (46,90) (46,75) (46,146) (46,96) (46,117) (46,173) (46,84) (46,140) (46,112) (46,144) (46,179) (46,87) (46,129) (46,91) (46,123) (46,131) (46,64) (46,115) (46,60) (46,54) (46,114) (46,145) (46,130) (46,148) (46,153) (46,182) (46,151) (46,169) (46,122) (46,149) (46,141) (46,121) (46,168) (46,194) (46,183) (46,109) (46,120) (46,61) (46,102) (46,110)
 (47,197) (47,66) (47,85) (47,170) (47,49) (47,50) (47,188) (47,141) (47,193) (47,113) (47,60) (47,93) (47,74) (47,62) (47,63) (47,116) (47,99) (47,102) (47,162) (47,97) (47,145) (47,138) (47,196) (47,57) (47,131) (47,125) (47,52) (47,89) (47,65) (47,51) (47,73) (47,70) (47,124) (47,118) (47,108) (47,61) (47,84)
 (48,105) (48,152) (48,169) (48,176) (48,163) (48,66) (48,158) (48,184) (48,129) (48,102) (48,80) (48,173) (48,82) (48,182) (48,170) (48,111) (48,162) (48,90) (48,60) (48,52) (48,199) (48,123) (48,187) (48,167) (48,70) (48,137) (48,174) (48,64) (48,76) (48,166) (48,100) (48,116) (48,148) (48,72) (48,190) (48,132) (48,78) (48,88) (48,165) (48,120) (48,180) (48,181) (48,150) (48,108) (48,164) (48,136) (48,143) (48,77) (48,151) (48,134) (48,75) (48,74) (48,89) (48,183)
 (49,78) (49,96) (49,126) (49,80) (49,123) (49,174) (49,124) (49,86) (49,66) (49,182) (49,107) (49,106) (49,191) (49,81) (49,132) (49,112) (49,149) (49,64) (49,65) (49,109) (49,168) (49,105) (49,134) (49,160) (49,139) (49,159) (49,113) (49,118) (49,127) (49,138) (49,115) (49,141) (49,57) (49,129) (49,145) (49,171) (49,79) (49,56) (49,125) (49,157) (49,128) (49,199) (49,197) (49,140) (49,179) (49,67) (49,53) (49,170) (49,135) (49,181) (49,161) (49,155) (49,92)
 (50,63) (50,182) (50,72) (50,96) (50,144) (50,83) (50,121) (50,184) (50,173) (50,172) (50,138) (50,115) (50,78) (50,158) (50,143) (50,136) (50,120) (50,95) (50,171) (50,200) (50,112) (50,190) (50,177) (50,199) (50,53) (50,105) (50,102) (50,73) (50,88) (50,90) (50,94) (50,106) (50,114) (50,145) (50,154) (50,60) (50,100) (50,108) (50,131) (50,123) (50,161) (50,146) (50,188) (50,133) (50,81) (50,198) (50,71) (50,98) (50,125) (50,127) (50,57) (50,67) (50,153) (50,51) (50,111) (50,55)
 (51,165) (51,169) (51,179) (51,53) (51,100) (51,58) (51,133) (51,60) (51,97) (51,195) (51,90) (51,72) (51,75) (51,162) (51,146) (51,124) (51,130) (51,77) (51,65) (51,175) (51,104) (51,176) (51,170) (51,76) (51,172) (51,70) (51,138) (51,180) (51,66) (51,181) (51,79) (51,199) (51,140) (51,74) (51,59) (51,107) (51,106) (51,154) (51,121) (51,82) (51,153) (51,118) (51,145) (51,127) (51,189) (51,101) (51,167) (51,80) (51,69) (51,188) (51,143) (51,117) (51,131) (51,184) (51,52) (51,111) (51,126)
 (52,133) (52,136) (52,196) (52,128) (52,138) (52,65) (52,120) (52,151) (52,100) (52,92) (52,94) (52,145) (52,84) (52,164) (52,55) (52,139) (52,162) (52,60) (52,75) (52,71) (52,117) (52,183) (52,155) (52,172) (52,70) (52,110) (52,67) (52,53) (52,81) (52,118) (52,150) (52,87) (52,124) (52,78) (52,103) (52,184) (52,182) (52,62) (52,112) (52,66) (52,54) (52,170) (52,146) (52,198) (52,61) (52,142) (52,56) (52,157) (52,68) (52,161) (52,134) (52,160) (52,158) (52,153) (52,69) (52,137) (52,187)
 (53,149) (53,194) (53,144) (53,172) (53,62) (53,123) (53,68) (53,88) (53,142) (53,73) (53,179) (53,181) (53,193) (53,146) (53,127) (53,57) (53,136) (53,128) (53,99) (53,117) (53,108) (53,87) (53,162) (53,167) (53,151) (53,153) (53,173) (53,141) (53,177) (53,86) (53,75) (53,61) (53,184) (53,101) (53,130) (53,192) (53,93) (53,120) (53,196) (53,84) (53,114) (53,125) (53,124) (53,154) (53,131)
 (54,86) (54,153) (54,107) (54,172) (54,119) (54,108) (54,122) (54,131) (54,133) (54,150) (54,141) (54,75) (54,74) (54,62) (54,81) (54,83) (54,154) (54,137) (54,127) (54,144) (54,155) (54,146) (54,132) (54,185) (54,194) (54,102) (54,55) (54,63) (54,196) (54,140) (54,171) (54,159) (54,105) (54,148) (54,188) (54,56) (54,96) (54,161) (54,180) (54,165) (54,182) (54,115) (54,67) (54,197) (54,61) (54,78) (54,93) (54,111)
 (55,117) (55,106) (55,143) (55,123) (55,103) (55,63) (55,86) (55,145) (55,137) (55,167) (55,113) (55,173) (55,172) (55,184) (55,88) (55,101) (55,196) (55,168) (55,90) (55,118) (55,128) (55,155) (55,115) (55,79) (55,186) (55,175) (55,185) (55,82) (55,84) (55,120) (55,162) (55,76) (55,127) (55,158) (55,194) (55,98) (55,74) (55,165) (55,87) (55,109) (55,111) (55,89) (55,139) (55,193) (55,130) (55,65) (55,110) (55,56) (55,104) (55,97) (55,112) (55,61)
 (56,60) (56,67) (56,179) (56,128) (56,73) (56,101) (56,83) (56,168) (56,61) (56,174) (56,117) (56,91) (56,114) (56,104) (56,132) (56,160) (56,194) (56,187) (56,133) (56,182) (56,103) (56,86) (56,189) (56,124) (56,146) (56,190) (56,150) (56,123) (56,137) (56,65) (56,99) (56,167) (56,127) (56,170) (56,76) (56,58) (56,93) (56,199) (56,164) (56,176) (56,158) (56,106)
 (57,171) (57,115) (57,88) (57,73) (57,62) (57,61) (57,101) (57,188) (57,195) (57,153) (57,95) (57,124) (57,92) (57,107) (57,105) (57,59) (57,142) (57,118) (57,117) (57,183) (57,166) (57,113) (57,192) (57,91) (57,66) (57,109) (57,168) (57,133) (57,155) (57,185) (57,128) (57,85) (57,90) (57,145) (57,170) (57,199) (57,136) (57,120) (57,97) (57,147) (57,169) (57,175) (57,74) (57,172) (57,186) (57,89) (57,78) (57,156) (57,196) (57,182)
 (58,198) (58,178) (58,123) (58,85) (58,68) (58,168) (58,105) (58,171) (58,101) (58,152) (58,130) (58,131) (58,117) (58,70) (58,158) (58,183) (58,167) (58,114) (58,76) (58,93) (58,179) (58,119) (58,77) (58,92) (58,65) (58,72) (58,145) (58,102) (58,124) (58,176) (58,186) (58,159) (58,115) (58,90) (58,164) (58,64) (58,120) (58,135) (58,161) (58,169) (58,66) (58,122) (58,146) (58,111) (58,144) (58,75) (58,172) (58,118) (58,62) (58,154) (58,109)
 (59,74) (59,124) (59,186) (59,179) (59,94) (59,78) (59,157) (59,67) (59,126) (59,155) (59,125) (59,70) (59,141) (59,123) (59,143) (59,159) (59,152) (59,133) (59,113) (59,174) (59,107) (59,105) (59,72) (59,171) (59,115) (59,112) (59,156) (59,86) (59,93) (59,117) (59,101) (59,98) (59,144) (59,172) (59,166) (59,190) (59,150) (59,79) (59,182) (59,168) (59,81) (59,193) (59,121) (59,170) (59,129) (59,106) (59,189) (59,132) (59,88) (59,178) (59,191) (59,185) (59,148) (59,80) (59,120)
 (60,110) (60,86) (60,75) (60,104) (60,143) (60,93) (60,184) (60,95) (60,82) (60,145) (60,111) (60,101) (60,180) (60,170) (60,134) (60,164) (60,144) (60,151) (60,174) (60,177) (60,173) (60,67) (60,90) (60,187) (60,107) (60,77) (60,118) (60,139) (60,176) (60,135) (60,105) (60,119) (60,192) (60,113) (60,200) (60,96) (60,131) (60,158) (60,71) (60,98) (60,87) (60,80) (60,61) (60,188) (60,165) (60,64) (60,175) (60,199) (60,186) (60,138) (60,159) (60,136) (60,88)
 (61,147) (61,188) (61,110) (61,173) (61,100) (61,132) (61,111) (61,120) (61,112) (61,122) (61,133) (61,155) (61,136) (61,142) (61,143) (61,66) (61,195) (61,82) (61,179) (61,180) (61,175) (61,107) (61,104) (61,165) (61,144) (61,80) (61,197) (61,83) (61,189) (61,168) (61,114) (61,84) (61,169) (61,153) (61,109) (61,68) (61,145) (61,94) (61,65) (61,152) (61,102) (61,200) (61,162) (61,171) (61,170) (61,181) (61,73) (61,93) (61,88)
 (62,114) (62,98) (62,75) (62,172) (62,106) (62,67) (62,136) (62,168) (62,193) (62,79) (62,129) (62,157) (62,158) (62,179) (62,102) (62,174) (62,127) (62,199) (62,95) (62,74) (62,173) (62,86) (62,137) (62,196) (62,128) (62,178) (62,71) (62,181) (62,64) (62,167) (62,90) (62,87) (62,162) (62,195) (62,72) (62,182) (62,131) (62,198) (62,109) (62,169) (62,77) (62,111) (62,150) (62,83) (62,70) (62,170) (62,190) (62,117) (62,152) (62,164) (62,121)
 (63,87) (63,169) (63,78) (63,95) (63,101) (63,110) (63,73) (63,76) (63,132) (63,141) (63,151) (63,125) (63,113) (63,75) (63,85) (63,147) (63,184) (63,90) (63,99) (63,194) (63,146) (63,174) (63,190) (63,150) (63,115) (63,154) (63,127) (63,88) (63,114) (63,144) (63,145) (63,186) (63,133) (63,160) (63,187) (63,148) (63,153) (63,198) (63,81) (63,111) (63,91) (63,131) (63,157) (63,68) (63,140) (63,112) (63,166) (63,116) (63,92) (63,126) (63,178) (63,106) (63,136) (63,193)
 (64,142) (64,194) (64,102) (64,86) (64,105) (64,148) (64,180) (64,166) (64,170) (64,158) (64,188) (64,122) (64,127) (64,198) (64,96) (64,139) (64,75) (64,145) (64,159) (64,167) (64,65) (64,125) (64,78) (64,175) (64,90) (64,79) (64,187) (64,114) (64,197) (64,123) (64,128) (64,151) (64,195) (64,71) (64,106) (64,126) (64,73) (64,154) (64,85) (64,165) (64,118) (64,140) (64,177) (64,107) (64,97) (64,164) (64,77) (64,192) (64,181) (64,121) (64,146) (64,179)
 (65,172) (65,103) (65,148) (65,120) (65,91) (65,174) (65,137) (65,68) (65,76) (65,151) (65,110) (65,119) (65,96) (65,124) (65,123) (65,102) (65,177) (65,132) (65,108) (65,94) (65,144) (65,135) (65,113) (65,171) (65,154) (65,77) (65,195) (65,80) (65,93) (65,142) (65,197) (65,190) (65,199) (65,85) (65,162) (65,136) (65,170) (65,193) (65,131) (65,82) (65,146) (65,75) (65,129) (65,140) (65,183) (65,79) (65,128) (65,169) (65,181) (65,194)
 (66,157) (66,164) (66,74) (66,163) (66,120) (66,136) (66,191) (66,121) (66,183) (66,141) (66,86) (66,107) (66,162) (66,140) (66,128) (66,75) (66,152) (66,182) (66,184) (66,99) (66,159) (66,103) (66,111) (66,83) (66,127) (66,92) (66,68) (66,73) (66,69) (66,145) (66,82) (66,138) (66,78) (66,193) (66,93) (66,199) (66,186) (66,139) (66,123) (66,149) (66,175) (66,70) (66,126) (66,195) (66,137) (66,153) (66,109) (66,170) (66,87) (66,174)
 (67,192) (67,127) (67,134) (67,123) (67,116) (67,144) (67,143) (67,108) (67,107) (67,157) (67,72) (67,162) (67,125) (67,91) (67,179) (67,132) (67,76) (67,111) (67,198) (67,197) (67,113) (67,93) (67,78) (67,69) (67,166) (67,87) (67,102) (67,94) (67,101) (67,195) (67,183) (67,74) (67,150) (67,122) (67,130) (67,85) (67,114) (67,89) (67,100) (67,142) (67,158) (67,188) (67,103) (67,117) (67,151) (67,77) (67,178) (67,137) (67,90) (67,141) (67,159) (67,149) (67,70) (67,194) (67,88) (67,131) (67,109)
 (68,165) (68,111) (68,151) (68,200) (68,169) (68,76) (68,178) (68,135) (68,126) (68,190) (68,134) (68,119) (68,118) (68,159) (68,124) (68,171) (68,132) (68,83) (68,168) (68,195) (68,173) (68,89) (68,95) (68,113) (68,143) (68,137) (68,84) (68,175) (68,138) (68,79) (68,128) (68,198) (68,183) (68,125) (68,180) (68,105) (68,157) (68,107) (68,170) (68,155)
 (69,147) (69,171) (69,116) (69,145) (69,114) (69,87) (69,187) (69,139) (69,156) (69,167) (69,151) (69,127) (69,160) (69,84) (69,194) (69,158) (69,150) (69,88) (69,77) (69,190) (69,111) (69,199) (69,95) (69,79) (69,107) (69,82) (69,177) (69,189) (69,105) (69,91) (69,126) (69,165) (69,197) (69,182) (69,92) (69,144) (69,130) (69,75) (69,74) (69,120) (69,106) (69,170) (69,148)
 (70,113) (70,153) (70,101) (70,163) (70,106) (70,140) (70,112) (70,174) (70,123) (70,184) (70,168) (70,150) (70,166) (70,114) (70,95) (70,167) (70,92) (70,79) (70,178) (70,141) (70,74) (70,154) (70,118) (70,125) (70,190) (70,188) (70,156) (70,128) (70,107) (70,121) (70,192) (70,176) (70,115) (70,78) (70,73) (70,131) (70,126) (70,194) (70,90) (70,169) (70,132) (70,200) (70,86) (70,179) (70,160) (70,117) (70,187) (70,127) (70,122) (70,170)
 (71,169) (71,172) (71,92) (71,102) (71,175) (71,110) (71,129) (71,136) (71,121) (71,188) (71,108) (71,81) (71,124) (71,191) (71,74) (71,151) (71,134) (71,142) (71,90) (71,160) (71,143) (71,145) (71,87) (71,139) (71,130) (71,79) (71,117) (71,156) (71,120) (71,111) (71,148) (71,128) (71,132) (71,86) (71,180) (71,152) (71,88) (71,186) (71,113)
 (72,82) (72,177) (72,187) (72,125) (72,101) (72,156) (72,92) (72,174) (72,89) (72,76) (72,158) (72,143) (72,126) (72,86) (72,144) (72,122) (72,171) (72,181) (72,132) (72,190) (72,73) (72,118) (72,74) (72,109) (72,120) (72,155) (72,107) (72,136) (72,103) (72,85) (72,133) (72,96) (72,148) (72,157) (72,78) (72,197)
 (73,108) (73,124) (73,96) (73,140) (73,115) (73,184) (73,155) (73,139) (73,190) (73,160) (73,147) (73,153) (73,162) (73,90) (73,103) (73,137) (73,88) (73,100) (73,105) (73,81) (73,116) (73,170) (73,176) (73,178) (73,99) (73,183) (73,110) (73,186) (73,97) (73,181) (73,200) (73,87) (73,156) (73,119) (73,133) (73,134) (73,75) (73,102) (73,174) (73,94) (73,136) (73,130) (73,194)
 (74,161) (74,171) (74,191) (74,115) (74,128) (74,193) (74,124) (74,92) (74,85) (74,146) (74,194) (74,187) (74,98) (74,167) (74,184) (74,185) (74,88) (74,152) (74,137) (74,176) (74,116) (74,162) (74,175) (74,77) (74,129) (74,188) (74,83) (74,123) (74,198) (74,165) (74,138) (74,110) (74,117) (74,166) (74,153) (74,94) (74,200) (74,99) (74,182) (74,181) (74,100) (74,183) (74,104) (74,135) (74,157) (74,170) (74,144)
 (75,132) (75,177) (75,77) (75,188) (75,82) (75,108) (75,109) (75,138) (75,172) (75,176) (75,83) (75,187) (75,84) (75,125) (75,158) (75,106) (75,113) (75,167) (75,141) (75,139) (75,136) (75,165) (75,88) (75,169) (75,191) (75,194) (75,193) (75,124) (75,97) (75,122) (75,99) (75,89) (75,92) (75,164) (75,129) (75,133) (75,181) (75,184) (75,102) (75,86) (75,130) (75,166)
 (76,119) (76,140) (76,108) (76,118) (76,148) (76,187) (76,99) (76,144) (76,130) (76,200) (76,131) (76,95) (76,114) (76,147) (76,101) (76,125) (76,128) (76,83) (76,120) (76,142) (76,159) (76,94) (76,126) (76,135) (76,77) (76,175) (76,79) (76,149) (76,195) (76,146) (76,88) (76,106) (76,182) (76,116) (76,197) (76,110) (76,162) (76,91) (76,86) (76,100)
 (77,90) (77,193) (77,141) (77,128) (77,153) (77,155) (77,187) (77,127) (77,88) (77,94) (77,149) (77,115) (77,99) (77,199) (77,118) (77,110) (77,100) (77,143) (77,123) (77,189) (77,114) (77,150) (77,130) (77,194) (77,179) (77,192) (77,184) (77,109) (77,82) (77,95) (77,129) (77,104) (77,171) (77,97) (77,138) (77,93) (77,116)
 (78,129) (78,99) (78,131) (78,94) (78,147) (78,150) (78,95) (78,135) (78,93) (78,111) (78,104) (78,85) (78,138) (78,151) (78,182) (78,156) (78,97) (78,80) (78,121) (78,181) (78,133) (78,191) (78,120) (78,118) (78,132) (78,194) (78,144) (78,89) (78,90) (78,184) (78,163) (78,199) (78,91) (78,169) (78,82) (78,140) (78,166) (78,155) (78,198) (78,79) (78,145) (78,128) (78,100) (78,148)
 (79,112) (79,182) (79,188) (79,149) (79,176) (79,119) (79,181) (79,109) (79,162) (79,196) (79,129) (79,198) (79,178) (79,126) (79,152) (79,88) (79,151) (79,118) (79,104) (79,157) (79,159) (79,155) (79,167) (79,192) (79,120) (79,161) (79,133) (79,105) (79,115) (79,89) (79,116) (79,111) (79,142) (79,106) (79,194) (79,175) (79,137) (79,100) (79,101) (79,139) (79,86) (79,87) (79,200)
 (80,131) (80,189) (80,192) (80,85) (80,139) (80,177) (80,147) (80,117) (80,154) (80,118) (80,185) (80,199) (80,114) (80,188) (80,86) (80,83) (80,171) (80,126) (80,180) (80,146) (80,97) (80,87) (80,136) (80,119) (80,172) (80,134) (80,104) (80,101) (80,178) (80,91) (80,165) (80,173) (80,163) (80,160) (80,170) (80,132) (80,196) (80,144) (80,109) (80,98) (80,110)
 (81,142) (81,169) (81,182) (81,193) (81,192) (81,149) (81,84) (81,157) (81,196) (81,195) (81,151) (81,133) (81,127) (81,125) (81,148) (81,177) (81,147) (81,119) (81,187) (81,168) (81,178) (81,101) (81,105) (81,181) (81,115) (81,188) (81,184) (81,93) (81,85) (81,126) (81,189) (81,83) (81,172) (81,159) (81,82) (81,98) (81,165) (81,154) (81,88) (81,194) (81,153) (81,143)
 (82,138) (82,124) (82,150) (82,122) (82,140) (82,130) (82,185) (82,88) (82,97) (82,112) (82,175) (82,147) (82,171) (82,165) (82,90) (82,133) (82,119) (82,183) (82,137) (82,197) (82,180) (82,161) (82,85) (82,199) (82,177) (82,117) (82,144) (82,120) (82,131) (82,111) (82,114) (82,110) (82,139) (82,142) (82,184) (82,181) (82,98) (82,191)
 (83,100) (83,109) (83,94) (83,132) (83,153) (83,122) (83,198) (83,154) (83,196) (83,113) (83,119) (83,181) (83,200) (83,161) (83,170) (83,131) (83,133) (83,146) (83,188) (83,134) (83,159) (83,183) (83,120) (83,155) (83,84) (83,117) (83,189) (83,195) (83,150) (83,167) (83,90) (83,104) (83,140) (83,92) (83,136) (83,144) (83,162) (83,89) (83,124) (83,129) (83,143) (83,165) (83,103) (83,147) (83,168) (83,88) (83,185)
 (84,140) (84,107) (84,87) (84,134) (84,101) (84,119) (84,136) (84,121) (84,127) (84,160) (84,164) (84,104) (84,128) (84,88) (84,197) (84,162) (84,186) (84,97) (84,114) (84,124) (84,155) (84,174) (84,105) (84,113) (84,90) (84,182) (84,149) (84,92) (84,180) (84,144) (84,130) (84,123) (84,187) (84,167) (84,199) (84,178) (84,96) (84,188)
 (85,160) (85,143) (85,134) (85,103) (85,195) (85,116) (85,187) (85,158) (85,111) (85,174) (85,200) (85,155) (85,164) (85,117) (85,123) (85,175) (85,101) (85,156) (85,157) (85,145) (85,99) (85,131) (85,132) (85,142) (85,126) (85,93) (85,191) (85,163) (85,115) (85,148) (85,104) (85,198) (85,181) (85,151) (85,127) (85,194) (85,189) (85,169) (85,133) (85,183) (85,97) (85,138) (85,167) (85,129) (85,168)
 (86,104) (86,114) (86,165) (86,146) (86,131) (86,105) (86,136) (86,155) (86,191) (86,179) (86,156) (86,128) (86,110) (86,182) (86,103) (86,118) (86,99) (86,187) (86,127) (86,157) (86,96) (86,152) (86,162) (86,175) (86,122) (86,89) (86,140) (86,133) (86,142) (86,170) (86,135) (86,109) (86,132) (86,138) (86,160) (86,159)
 (87,110) (87,181) (87,187) (87,99) (87,146) (87,97) (87,178) (87,154) (87,93) (87,199) (87,189) (87,134) (87,197) (87,130) (87,118) (87,104) (87,140) (87,149) (87,173) (87,195) (87,164) (87,129) (87,194) (87,162) (87,125) (87,160) (87,163) (87,198) (87,169) (87,101) (87,143) (87,159) (87,121) (87,117) (87,183) (87,150) (87,155) (87,100)
 (88,121) (88,152) (88,93) (88,120) (88,138) (88,151) (88,99) (88,167) (88,157) (88,190) (88,128) (88,178) (88,158) (88,129) (88,159) (88,166) (88,114) (88,191) (88,144) (88,124) (88,90) (88,95) (88,188) (88,182) (88,136) (88,113) (88,194) (88,147) (88,165) (88,110) (88,163) (88,109) (88,127) (88,101) (88,155) (88,189) (88,107) (88,168) (88,164) (88,116) (88,123) (88,94) (88,176) (88,135)
 (89,197) (89,113) (89,137) (89,96) (89,106) (89,122) (89,120) (89,105) (89,160) (89,129) (89,174) (89,107) (89,112) (89,135) (89,136) (89,159) (89,169) (89,91) (89,98) (89,110) (89,130) (89,127) (89,175) (89,156) (89,125) (89,143) (89,186) (89,111) (89,177) (89,146) (89,123) (89,147)
 (90,111) (90,171) (90,105) (90,179) (90,139) (90,109) (90,157) (90,148) (90,135) (90,145) (90,163) (90,164) (90,195) (90,180) (90,115) (90,133) (90,104) (90,114) (90,181) (90,168) (90,193) (90,132) (90,126) (90,155) (90,197) (90,160) (90,103) (90,97) (90,93) (90,131) (90,147) (90,119) (90,166) (90,143) (90,140) (90,122)
 (91,153) (91,186) (91,191) (91,127) (91,99) (91,193) (91,160) (91,135) (91,157) (91,150) (91,170) (91,148) (91,190) (91,140) (91,176) (91,100) (91,196) (91,123) (91,120) (91,178) (91,133) (91,165) (91,112) (91,175) (91,122) (91,197) (91,124) (91,174) (91,154) (91,181) (91,155) (91,198) (91,116) (91,105) (91,184) (91,97) (91,111) (91,200) (91,164) (91,171) (91,117) (91,113) (91,139)
 (92,147) (92,120) (92,165) (92,187) (92,111) (92,139) (92,107) (92,157) (92,124) (92,173) (92,128) (92,192) (92,112) (92,133) (92,198) (92,97) (92,130) (92,121) (92,167) (92,182) (92,191) (92,180) (92,138) (92,109) (92,154) (92,188) (92,158) (92,123) (92,148) (92,105) (92,137) (92,117)
 (93,167) (93,189) (93,95) (93,136) (93,165) (93,177) (93,144) (93,123) (93,176) (93,105) (93,124) (93,184) (93,122) (93,143) (93,151) (93,192) (93,133) (93,173) (93,139) (93,102) (93,96) (93,120) (93,110) (93,141) (93,181) (93,162) (93,106) (93,198) (93,134) (93,149) (93,187) (93,155) (93,191) (93,194) (93,104) (93,137) (93,121) (93,135) (93,179) (93,131) (93,171) (93,169) (93,109) (93,97) (93,111) (93,113)
 (94,153) (94,108) (94,144) (94,155) (94,145) (94,175) (94,142) (94,199) (94,104) (94,98) (94,191) (94,140) (94,134) (94,156) (94,171) (94,189) (94,129) (94,147) (94,100) (94,105) (94,194) (94,115) (94,135) (94,137) (94,179) (94,196) (94,136) (94,101) (94,193) (94,99) (94,180)
 (95,184) (95,168) (95,136) (95,127) (95,123) (95,130) (95,107) (95,121) (95,117) (95,144) (95,137) (95,155) (95,106) (95,194) (95,148) (95,122) (95,110) (95,156) (95,111) (95,149) (95,174) (95,145) (95,139) (95,105) (95,162) (95,128) (95,115) (95,159) (95,150) (95,135) (95,191) (95,175) (95,183) (95,99) (95,132) (95,187) (95,178)
 (96,188) (96,144) (96,130) (96,131) (96,165) (96,122) (96,153) (96,183) (96,172) (96,200) (96,175) (96,174) (96,168) (96,162) (96,102) (96,124) (96,151) (96,147) (96,180) (96,167) (96,142) (96,166) (96,196) (96,194) (96,184) (96,176) (96,125) (96,171) (96,160) (96,141)
 (97,114) (97,120) (97,107) (97,146) (97,183) (97,186) (97,126) (97,167) (97,108) (97,195) (97,121) (97,174) (97,156) (97,182) (97,153) (97,109) (97,175) (97,158) (97,115) (97,157) (97,166) (97,119) (97,100) (97,134) (97,169) (97,176) (97,128) (97,111) (97,188) (97,141) (97,178) (97,165) (97,135)
 (98,166) (98,194) (98,124) (98,192) (98,190) (98,145) (98,198) (98,144) (98,114) (98,186) (98,139) (98,125) (98,141) (98,181) (98,162) (98,129) (98,132) (98,159) (98,164) (98,188) (98,138) (98,121) (98,176) (98,126) (98,142) (98,171) (98,191) (98,119) (98,143) (98,127) (98,108) (98,109) (98,173) (98,104) (98,148) (98,170) (98,169)
 (99,199) (99,150) (99,157) (99,145) (99,184) (99,170) (99,159) (99,178) (99,112) (99,192) (99,104) (99,187) (99,169) (99,146) (99,129) (99,119) (99,193) (99,121) (99,107) (99,190) (99,133) (99,118) (99,167) (99,143) (99,158)
 (100,190) (100,165) (100,162) (100,199) (100,156) (100,161) (100,104) (100,122) (100,113) (100,197) (100,121) (100,153) (100,193) (100,187) (100,133) (100,123) (100,170) (100,118) (100,178) (100,101) (100,115) (100,155) (100,159) (100,194)
 (101,180) (101,131) (101,160) (101,126) (101,163) (101,182) (101,129) (101,154) (101,158) (101,159) (101,176) (101,189) (101,192) (101,104) (101,195) (101,181) (101,157) (101,121) (101,122) (101,109) (101,138) (101,102) (101,164) (101,149) (101,186) (101,198) (101,130) (101,125) (101,135) (101,199) (101,170) (101,187) (101,175) (101,156) (101,140) (101,168)
 (102,155) (102,150) (102,139) (102,153) (102,135) (102,138) (102,132) (102,183) (102,118) (102,180) (102,115) (102,197) (102,127) (102,200) (102,110) (102,157) (102,166) (102,116) (102,195) (102,130) (102,159) (102,147) (102,112) (102,143) (102,144) (102,160)
 (103,159) (103,106) (103,145) (103,132) (103,146) (103,191) (103,141) (103,174) (103,110) (103,135) (103,182) (103,151) (103,187) (103,181) (103,157) (103,179) (103,193) (103,180) (103,154) (103,163) (103,172) (103,117) (103,155) (103,127) (103,136) (103,177) (103,123) (103,169) (103,130) (103,133) (103,142) (103,156) (103,134) (103,129)
 (104,152) (104,185) (104,148) (104,183) (104,180) (104,150) (104,134) (104,119) (104,115) (104,160) (104,186) (104,164) (104,187) (104,163) (104,166) (104,195) (104,175) (104,168) (104,145) (104,156) (104,153) (104,189) (104,106) (104,149) (104,113) (104,140) (104,172) (104,137) (104,188) (104,142) (104,109) (104,116) (104,131) (104,154) (104,165) (104,199) (104,126)
 (105,185) (105,140) (105,170) (105,132) (105,147) (105,137) (105,136) (105,110) (105,135) (105,148) (105,154) (105,193) (105,155) (105,138) (105,113) (105,162) (105,116) (105,194) (105,129) (105,145) (105,159) (105,188) (105,106) (105,143) (105,165) (105,122) (105,161) (105,124) (105,126) (105,160) (105,152) (105,181) (105,125) (105,150) (105,187) (105,177)
 (106,165) (106,190) (106,194) (106,134) (106,141) (106,192) (106,136) (106,166) (106,120) (106,137) (106,123) (106,154) (106,114) (106,164) (106,163) (106,168) (106,160) (106,145) (106,117) (106,172) (106,167) (106,200) (106,178) (106,130) (106,121) (106,189) (106,144) (106,174)
 (107,177) (107,188) (107,170) (107,122) (107,194) (107,134) (107,186) (107,180) (107,131) (107,200) (107,160) (107,187) (107,197) (107,147) (107,128) (107,178) (107,136) (107,111) (107,179) (107,132) (107,169) (107,125) (107,152) (107,127) (107,151) (107,168) (107,110) (107,117) (107,189) (107,158) (107,144) (107,135) (107,150) (107,116) (107,138)
 (108,194) (108,167) (108,131) (108,184) (108,130) (108,153) (108,139) (108,123) (108,152) (108,168) (108,172) (108,113) (108,174) (108,182) (108,160) (108,171) (108,144) (108,150) (108,147) (108,116) (108,178) (108,187) (108,134) (108,154) (108,180) (108,186) (108,190) (108,156)
 (109,162) (109,151) (109,153) (109,115) (109,122) (109,172) (109,179) (109,137) (109,146) (109,131) (109,194) (109,157) (109,132) (109,116) (109,163) (109,156) (109,187) (109,111) (109,184) (109,125) (109,180) (109,120) (109,175) (109,198) (109,177) (109,185) (109,171) (109,149) (109,199) (109,142) (109,158) (109,119) (109,110) (109,148) (109,196) (109,176) (109,130)
 (110,135) (110,183) (110,158) (110,188) (110,175) (110,114) (110,184) (110,145) (110,199) (110,160) (110,123) (110,155) (110,111) (110,192) (110,121) (110,143) (110,152) (110,185) (110,120) (110,115) (110,138) (110,127) (110,190) (110,178) (110,167) (110,180) (110,146) (110,154) (110,161)
 (111,148) (111,174) (111,156) (111,182) (111,199) (111,146) (111,191) (111,179) (111,120) (111,172) (111,188) (111,152) (111,186) (111,132) (111,137) (111,164) (111,176) (111,169) (111,184) (111,157) (111,192) (111,175) (111,149) (111,147) (111,161) (111,159) (111,197) (111,195) (111,167) (111,128)
 (112,195) (112,140) (112,192) (112,154) (112,131) (112,180) (112,190) (112,114) (112,178) (112,176) (112,185) (112,162) (112,137) (112,177) (112,196) (112,179) (112,199) (112,145) (112,121) (112,132) (112,148) (112,194) (112,197) (112,125)
 (113,144) (113,157) (113,127) (113,150) (113,148) (113,165) (113,180) (113,114) (113,115) (113,130) (113,198) (113,174) (113,168) (113,184) (113,135) (113,141) (113,152) (113,170) (113,129) (113,171) (113,182) (113,133) (113,121) (113,183) (113,200) (113,131)
 (114,166) (114,200) (114,158) (114,170) (114,183) (114,172) (114,142) (114,169) (114,197) (114,173) (114,187) (114,179) (114,139) (114,125) (114,163) (114,186) (114,185) (114,141) (114,175) (114,176) (114,152) (114,160) (114,171) (114,119) (114,192) (114,130)
 (115,125) (115,154) (115,184) (115,132) (115,189) (115,174) (115,164) (115,150) (115,139) (115,192) (115,172) (115,151) (115,173) (115,190) (115,147) (115,158) (115,168) (115,128) (115,148) (115,134) (115,175) (115,157) (115,129) (115,144) (115,186) (115,163) (115,177) (115,122) (115,117) (115,133) (115,120) (115,130) (115,195) (115,119) (115,187) (115,116)
 (116,119) (116,128) (116,157) (116,121) (116,118) (116,126) (116,200) (116,140) (116,194) (116,184) (116,191) (116,161) (116,172) (116,136) (116,182) (116,180) (116,156) (116,120) (116,130) (116,178) (116,146) (116,150) (116,183) (116,132) (116,152) (116,173) (116,167) (116,155) (116,142) (116,144)
 (117,200) (117,196) (117,141) (117,147) (117,164) (117,179) (117,151) (117,143) (117,121) (117,185) (117,170) (117,178) (117,197) (117,189) (117,172) (117,191) (117,119) (117,155) (117,149)
 (118,159) (118,198) (118,166) (118,139) (118,176) (118,200) (118,173) (118,136) (118,184) (118,155) (118,195) (118,137) (118,156) (118,162) (118,164) (118,168) (118,126) (118,130) (118,148) (118,144) (118,171) (118,172) (118,153)
 (119,195) (119,188) (119,163) (119,184) (119,156) (119,183) (119,158) (119,135) (119,171) (119,133) (119,125) (119,159) (119,154) (119,137) (119,180) (119,123) (119,191) (119,200) (119,164) (119,178) (119,129) (119,151) (119,161) (119,121) (119,138) (119,128) (119,187) (119,146)
 (120,174) (120,183) (120,192) (120,149) (120,190) (120,195) (120,154) (120,182) (120,135) (120,176) (120,189) (120,170) (120,200) (120,172) (120,134) (120,184) (120,181) (120,125) (120,122) (120,126) (120,164) (120,136) (120,187) (120,147) (120,156) (120,141) (120,124) (120,185)
 (121,128) (121,143) (121,193) (121,129) (121,196) (121,168) (121,197) (121,159) (121,191) (121,194) (121,185) (121,156) (121,192) (121,126) (121,160) (121,127) (121,124) (121,186) (121,169) (121,150) (121,136) (121,162) (121,158) (121,145) (121,199) (121,189) (121,157) (121,135) (121,181) (121,131) (121,190) (121,148) (121,172) (121,177)
 (122,162) (122,166) (122,147) (122,173) (122,179) (122,150) (122,174) (122,195) (122,191) (122,141) (122,154) (122,155) (122,125) (122,196) (122,134) (122,136) (122,183) (122,130) (122,157) (122,170) (122,167) (122,159) (122,126) (122,194) (122,165) (122,187) (122,163) (122,189) (122,161)
 (123,146) (123,193) (123,185) (123,126) (123,181) (123,178) (123,180) (123,166) (123,168) (123,125) (123,174) (123,155) (123,150) (123,159) (123,139) (123,167) (123,154) (123,163) (123,162) (123,157) (123,143) (123,134) (123,160) (123,200) (123,133) (123,189) (123,128) (123,179)
 (124,154) (124,193) (124,174) (124,126) (124,134) (124,137) (124,131) (124,177) (124,159) (124,158) (124,185) (124,182) (124,147) (124,176) (124,169) (124,173) (124,186) (124,187) (124,198) (124,178) (124,164)
 (125,195) (125,194) (125,191) (125,183) (125,186) (125,153) (125,179) (125,200) (125,148) (125,158) (125,141) (125,159) (125,198) (125,169) (125,161) (125,144) (125,145) (125,171) (125,168) (125,131) (125,181) (125,147) (125,185) (125,163) (125,152) (125,134) (125,136) (125,149)
 (126,146) (126,153) (126,156) (126,199) (126,141) (126,181) (126,194) (126,131) (126,152) (126,143) (126,147) (126,169) (126,142) (126,140) (126,171) (126,133) (126,187) (126,183) (126,185) (126,189) (126,192) (126,128) (126,177) (126,145) (126,196) (126,127) (126,197)
 (127,170) (127,161) (127,178) (127,139) (127,160) (127,129) (127,128) (127,192) (127,165) (127,173) (127,171) (127,133) (127,131) (127,164) (127,188) (127,187) (127,166) (127,191) (127,198) (127,146) (127,185) (127,137) (127,154) (127,135) (127,186)
 (128,162) (128,180) (128,172) (128,129) (128,195) (128,167) (128,170) (128,168) (128,165) (128,197) (128,148) (128,199) (128,137) (128,188) (128,200) (128,134) (128,163) (128,144) (128,166) (128,149) (128,133) (128,160) (128,136)
 (129,143) (129,130) (129,145) (129,200) (129,193) (129,189) (129,138) (129,155) (129,197) (129,131) (129,153) (129,161) (129,152) (129,166) (129,188) (129,146)
 (130,140) (130,142) (130,152) (130,185) (130,194) (130,192) (130,141) (130,150) (130,169) (130,143) (130,191) (130,173) (130,139) (130,132) (130,149) (130,144) (130,154) (130,166) (130,182) (130,164) (130,161)
 (131,171) (131,178) (131,169) (131,136) (131,199) (131,161) (131,182) (131,196) (131,153) (131,150) (131,181) (131,172) (131,142) (131,139) (131,167) (131,190) (131,184) (131,179) (131,145)
 (132,198) (132,183) (132,169) (132,176) (132,156) (132,174) (132,133) (132,186) (132,180) (132,144) (132,175) (132,139) (132,134) (132,172) (132,153) (132,142)
 (133,181) (133,139) (133,190) (133,155) (133,165) (133,192) (133,171) (133,159) (133,164) (133,163) (133,178) (133,187) (133,143) (133,147) (133,172) (133,177) (133,161) (133,151) (133,193) (133,200) (133,183) (133,169) (133,173) (133,144) (133,158)
 (134,141) (134,150) (134,186) (134,143) (134,148) (134,166) (134,179) (134,156) (134,196) (134,160) (134,139) (134,154) (134,145) (134,168) (134,188) (134,144) (134,147) (134,181) (134,178) (134,170) (134,162) (134,197)
 (135,142) (135,182) (135,152) (135,162) (135,173) (135,139) (135,167) (135,148) (135,144) (135,193) (135,187) (135,141) (135,186) (135,197) (135,155) (135,166) (135,191) (135,185) (135,165) (135,194) (135,159) (135,161) (135,192) (135,157) (135,200) (135,195)
 (136,170) (136,146) (136,178) (136,171) (136,163) (136,200) (136,151) (136,173) (136,162) (136,167) (136,147) (136,138) (136,177) (136,180) (136,164) (136,186) (136,159) (136,198) (136,197) (136,176) (136,182) (136,166) (136,196) (136,199)
 (137,158) (137,147) (137,141) (137,189) (137,150) (137,163) (137,160) (137,182) (137,177) (137,170) (137,151) (137,176) (137,193) (137,143) (137,192)
 (138,197) (138,157) (138,176) (138,177) (138,200) (138,199) (138,165) (138,192) (138,196) (138,154) (138,169) (138,166) (138,141) (138,161) (138,171) (138,144) (138,153) (138,151) (138,195) (138,190) (138,194) (138,164) (138,140) (138,167)
 (139,186) (139,158) (139,193) (139,140) (139,165) (139,194) (139,159) (139,198) (139,192) (139,162) (139,149) (139,142) (139,181) (139,200) (139,178) (139,169) (139,141) (139,155) (139,188)
 (140,181) (140,187) (140,156) (140,192) (140,200) (140,190) (140,175) (140,194) (140,191) (140,178) (140,172) (140,180) (140,149) (140,158) (140,142) (140,150) (140,163) (140,146) (140,151) (140,154) (140,185)
 (141,166) (141,195) (141,154) (141,160) (141,155) (141,143) (141,189) (141,145) (141,190) (141,178) (141,148) (141,149) (141,177) (141,171) (141,163) (141,167) (141,193) (141,187) (141,152) (141,197) (141,175) (141,191)
 (142,172) (142,151) (142,179) (142,170) (142,149) (142,181) (142,197) (142,160) (142,169) (142,187) (142,189) (142,161) (142,144) (142,194) (142,199) (142,145) (142,156) (142,184)
 (143,153) (143,199) (143,176) (143,178) (143,148) (143,152) (143,163) (143,186) (143,175) (143,150) (143,173) (143,164) (143,162) (143,191) (143,168) (143,145) (143,146) (143,151)
 (144,190) (144,192) (144,195) (144,146) (144,164) (144,171) (144,156) (144,158) (144,154) (144,162) (144,177) (144,200) (144,159) (144,165) (144,187) (144,189) (144,161) (144,151) (144,172)
 (145,190) (145,188) (145,164) (145,182) (145,171) (145,160) (145,173) (145,191) (145,196) (145,161) (145,197) (145,184) (145,166) (145,154) (145,146) (145,168) (145,193) (145,147)
 (146,200) (146,196) (146,161) (146,151) (146,176) (146,195) (146,191) (146,157) (146,190) (146,147) (146,192) (146,194) (146,180) (146,149) (146,189) (146,177) (146,178) (146,155)
 (147,190) (147,187) (147,153) (147,191) (147,161) (147,174) (147,195) (147,154) (147,155) (147,170) (147,148) (147,184)
 (148,186) (148,197) (148,167) (148,199) (148,195) (148,152) (148,150) (148,168) (148,191) (148,171) (148,185) (148,162) (148,161) (148,160) (148,151) (148,164) (148,158)
 (149,161) (149,166) (149,199) (149,186) (149,191) (149,170) (149,183) (149,157) (149,182) (149,197) (149,200) (149,187) (149,190) (149,176) (149,165) (149,196)
 (150,192) (150,198) (150,177) (150,152) (150,166) (150,153) (150,185) (150,170) (150,171) (150,176) (150,173) (150,159) (150,175) (150,157) (150,194) (150,199) (150,160) (150,197) (150,189)
 (151,169) (151,186) (151,160) (151,153) (151,177) (151,167) (151,179) (151,163) (151,171) (151,187) (151,191) (151,152) (151,154) (151,195) (151,194) (151,156) (151,155) (151,182) (151,196) (151,198) (151,162)
 (152,178) (152,155) (152,179) (152,169) (152,180) (152,176) (152,182) (152,163) (152,200) (152,193) (152,165) (152,164) (152,170) (152,173) (152,194) (152,185)
 (153,200) (153,160) (153,181) (153,192) (153,199) (153,176) (153,194) (153,170) (153,167) (153,196) (153,169) (153,172) (153,159) (153,193)
 (154,184) (154,183) (154,167) (154,192) (154,174) (154,179) (154,176) (154,177) (154,158) (154,198) (154,178) (154,180) (154,195)
 (155,181) (155,191) (155,192) (155,163) (155,200) (155,170) (155,157) (155,175) (155,177) (155,190) (155,188)
 (156,186) (156,168) (156,159) (156,196) (156,185) (156,165) (156,191) (156,171) (156,184) (156,158) (156,177) (156,160) (156,198) (156,170)
 (157,197) (157,187) (157,190) (157,196) (157,192) (157,172) (157,163) (157,198) (157,177) (157,175)
 (158,192) (158,170) (158,197) (158,182) (158,179) (158,200) (158,185) (158,186) (158,175) (158,181) (158,171)
 (159,175) (159,194) (159,168) (159,161) (159,198) (159,186) (159,169) (159,179) (159,162) (159,166) (159,184) (159,173)
 (160,167) (160,178) (160,198) (160,186) (160,173) (160,190) (160,175) (160,184) (160,185) (160,174) (160,164) (160,168) (160,165)
 (161,178) (161,172) (161,199) (161,200) (161,189) (161,180) (161,191) (161,166) (161,165) (161,192) (161,186) (161,184) (161,177) (161,176) (161,179) (161,198)
 (162,169) (162,200) (162,191) (162,193) (162,199) (162,198) (162,184) (162,186) (162,178) (162,168) (162,171) (162,164)
 (163,196) (163,173) (163,194) (163,198) (163,174) (163,165) (163,184) (163,188) (163,199) (163,185) (163,182) (163,179)
 (164,195) (164,199) (164,194) (164,170) (164,165) (164,172) (164,177) (164,183) (164,167) (164,198) (164,180) (164,192)
 (165,169) (165,178) (165,195) (165,166) (165,196) (165,199) (165,193) (165,170) (165,194) (165,182) (165,179) (165,183) (165,175)
 (166,176) (166,190) (166,168) (166,193) (166,179) (166,183) (166,172) (166,196) (166,200) (166,182) (166,191)
 (167,178) (167,174) (167,194) (167,191) (167,181) (167,170) (167,198) (167,169) (167,197)
 (168,169) (168,200) (168,176) (168,199) (168,174) (168,188) (168,185)
 (169,173) (169,182) (169,175) (169,183) (169,172) (169,180) (169,197) (169,199) (169,198) (169,185)
 (170,195) (170,198) (170,176) (170,172) (170,174) (170,178) (170,184) (170,173)
 (171,172) (171,175)
 (172,178) (172,186) (172,182) (172,198) (172,190)
 (173,176) (173,193) (173,195) (173,185) (173,177) (173,188) (173,199) (173,183) (173,175) (173,180) (173,186) (173,192) (173,200)
 (174,176) (174,198) (174,193) (174,196) (174,195) (174,194) (174,183) (174,185) (174,184) (174,200) (174,192) (174,177) (174,190)
 (175,183) (175,185) (175,200) (175,186) (175,178) (175,177) (175,184) (175,190) (175,191)
 (176,198) (176,199) (176,186) (176,179) (176,177) (176,182) (176,185) (176,197) (176,188) (176,181)
 (177,198) (177,184) (177,178) (177,192) (177,182) (177,183) (177,188)
 (178,194) (178,183) (178,180) (178,200) (178,186)
 (179,182) (179,191) (179,187) (179,181) (179,186) (179,185) (179,194) (179,199) (179,200) (179,188)
 (180,195) (180,188) (180,183) (180,194) (180,190)
 (181,192) (181,200) (181,182) (181,198)
 (182,197) (182,195) (182,184) (182,185) (182,192) (182,191)
 (183,194) (183,198)
 (184,187) (184,188) (184,199) (184,185) (184,200)
 (185,187) (185,188) (185,196)
 (186,198) (186,200) (186,194) (186,193) (186,195) (186,190)
 (187,199) (187,190) (187,198) (187,193) (187,195) (187,191) (187,196)
 (188,197) (188,198) (188,194) (188,193) (188,189)
 (189,200) (189,192) (189,193) (189,196)
 (190,199) (190,192) (190,196)
 (191,194) (191,195)
 (192,200) (192,196) (192,195)
 (193,195) (193,194)

 (195,198) (195,197)
 (196,198) (196,197)




;

end;
