# n200plap3i2.txt

# 38 cluster
param p := 38 ;

# 200 vertici
set V := 
 1 2 3 4 5 6 7 8 9 10 11 12 13 14 15 16 17 18 19 20 21 22 23 24 25 26 27 28 29 30 31 32 33 34 35 36 37 38 39 40 41 42 43 44 45 46 47 48 49 50 51 52 53 54 55 56 57 58 59 60 61 62 63 64 65 66 67 68 69 70 71 72 73 74 75 76 77 78 79 80 81 82 83 84 85 86 87 88 89 90 91 92 93 94 95 96 97 98 99 100 101 102 103 104 105 106 107 108 109 110 111 112 113 114 115 116 117 118 119 120 121 122 123 124 125 126 127 128 129 130 131 132 133 134 135 136 137 138 139 140 141 142 143 144 145 146 147 148 149 150 151 152 153 154 155 156 157 158 159 160 161 162 163 164 165 166 167 168 169 170 171 172 173 174 175 176 177 178 179 180 181 182 183 184 185 186 187 188 189 190 191 192 193 194 195 196 197 198 199 200
;

param w := 
  1    3
  2    4
  3    5
  4    6
  5    7
  6    8
  7   10
  8   11
  9   11
 10   13
 11   14
 12   20
 13   20
 14   21
 15   25
 16   25
 17   27
 18   30
 19   30
 20   30
 21   30
 22   31
 23   31
 24   32
 25   33
 26   35
 27   35
 28   36
 29   37
 30   39
 31   39
 32   40
 33   41
 34   44
 35   46
 36   46
 37   49
 38   49
 39   50
 40   51
 41   52
 42   52
 43   53
 44   54
 45   54
 46   56
 47   57
 48   58
 49   58
 50   58
 51   58
 52   59
 53   59
 54   60
 55   60
 56   63
 57   64
 58   64
 59   65
 60   65
 61   66
 62   66
 63   67
 64   68
 65   68
 66   70
 67   73
 68   73
 69   75
 70   76
 71   78
 72   78
 73   79
 74   79
 75   79
 76   81
 77   81
 78   84
 79   84
 80   88
 81   88
 82   88
 83   93
 84   95
 85   95
 86   96
 87   97
 88   97
 89   99
 90  100
 91  102
 92  106
 93  106
 94  108
 95  108
 96  111
 97  111
 98  115
 99  117
100  117
101  117
102  118
103  118
104  120
105  120
106  125
107  125
108  126
109  126
110  127
111  128
112  128
113  128
114  132
115  133
116  133
117  133
118  134
119  134
120  135
121  135
122  135
123  136
124  137
125  138
126  138
127  140
128  140
129  142
130  143
131  143
132  143
133  144
134  144
135  145
136  145
137  147
138  147
139  148
140  149
141  149
142  150
143  151
144  151
145  151
146  151
147  151
148  151
149  152
150  153
151  153
152  153
153  155
154  156
155  156
156  158
157  160
158  161
159  162
160  163
161  163
162  165
163  166
164  166
165  166
166  166
167  167
168  168
169  168
170  168
171  169
172  171
173  171
174  173
175  173
176  174
177  176
178  176
179  176
180  177
181  178
182  180
183  183
184  185
185  185
186  186
187  187
188  189
189  189
190  190
191  191
192  191
193  192
194  193
195  194
196  194
197  196
198  198
199  199
200  199
;

# 1144 lati
set E := 
 (1,159) (1,89) (1,2) (1,163) (1,118) (1,43) (1,72)
 (2,143) (2,67) (2,72) (2,89) (2,141)
 (3,13) (3,25) (3,65) (3,47) (3,19)
 (4,70) (4,125) (4,123) (4,95) (4,130)
 (5,191) (5,145) (5,180) (5,102) (5,106)
 (6,190) (6,139) (6,117) (6,103) (6,92) (6,56) (6,86) (6,113)
 (7,68) (7,126) (7,12) (7,115) (7,140) (7,121) (7,131) (7,77)
 (8,114) (8,11) (8,45) (8,88) (8,196)
 (9,49) (9,88) (9,142) (9,11) (9,131) (9,168) (9,139)
 (10,20) (10,184) (10,127) (10,197) (10,21) (10,25) (10,19) (10,28)
 (11,121) (11,131) (11,114) (11,88)
 (12,140) (12,176) (12,121) (12,18)
 (13,65) (13,19)
 (14,98) (14,111) (14,141) (14,23) (14,174) (14,153) (14,104) (14,35)
 (15,40) (15,22) (15,97) (15,169)
 (16,137) (16,142) (16,103) (16,49) (16,134) (16,44)
 (17,123) (17,65) (17,19) (17,116) (17,150) (17,182) (17,94) (17,70)
 (18,176) (18,199) (18,140)
 (19,162) (19,65) (19,28) (19,150) (19,25)
 (20,197) (20,172) (20,127) (20,107) (20,178)
 (21,127) (21,28) (21,69)
 (22,40) (22,164) (22,75) (22,166) (22,169) (22,167) (22,113) (22,44)
 (23,104) (23,174) (23,78) (23,72)
 (24,61) (24,53) (24,56) (24,87) (24,39)
 (25,184) (25,111) (25,47) (25,30)
 (26,46) (26,80) (26,160) (26,161) (26,144) (26,112)
 (27,89) (27,143) (27,96) (27,43) (27,160)
 (28,69) (28,162)
 (29,81) (29,90) (29,80) (29,62) (29,120)
 (30,154) (30,47) (30,104) (30,48) (30,99) (30,111)
 (31,166) (31,193) (31,34) (31,57) (31,82)
 (32,100) (32,52) (32,195) (32,172) (32,85) (32,107)
 (33,144) (33,161) (33,46) (33,81) (33,90)
 (34,57) (34,82) (34,53) (34,194) (34,198) (34,61)
 (35,187) (35,153) (35,148) (35,98) (35,37) (35,111)
 (36,180) (36,38) (36,106)
 (37,84) (37,192) (37,98) (37,59) (37,66) (37,187)
 (38,136) (38,156) (38,96) (38,112) (38,106) (38,43) (38,163) (38,180)
 (39,41) (39,194) (39,191) (39,61) (39,87)
 (40,86) (40,113) (40,97)
 (41,191) (41,87)
 (42,74) (42,151) (42,152) (42,105) (42,122) (42,147)
 (43,156) (43,159) (43,89) (43,96)
 (44,169) (44,137) (44,164) (44,134) (44,151)
 (45,196) (45,88)
 (46,161) (46,81) (46,80)
 (47,76) (47,65) (47,99) (47,165) (47,116)
 (48,99) (48,175) (48,154) (48,165) (48,91)
 (49,181) (49,139) (49,103) (49,142)
 (50,138) (50,188) (50,165) (50,171) (50,95) (50,175)
 (51,75) (51,117) (51,113)
 (52,124) (52,149) (52,85) (52,107)
 (53,173) (53,61) (53,56) (53,82)
 (54,200) (54,83)
 (55,93) (55,82) (55,117) (55,56) (55,173)
 (56,173) (56,117)
 (57,198) (57,166) (57,63)
 (58,133) (58,90) (58,146) (58,120)
 (59,84) (59,67) (59,143) (59,62) (59,80) (59,66) (59,98)
 (60,91) (60,175) (60,122)
 (61,194)
 (62,80) (62,66) (62,146) (62,158) (62,120)
 (63,109) (63,198) (63,108) (63,166) (63,167)
 (64,195) (64,119) (64,192)
 (65,116)
 (66,177) (66,84) (66,129) (66,186) (66,192) (66,158)
 (67,141) (67,143) (67,98)
 (68,115) (68,70) (68,126)
 (69,101) (69,182) (69,127) (69,162)
 (70,115) (70,94) (70,126) (70,123) (70,95)
 (71,102) (71,112) (71,144) (71,180) (71,87)
 (72,174) (72,141) (72,78) (72,118)
 (73,85) (73,199) (73,135) (73,101) (73,182)
 (74,179) (74,147) (74,152)
 (75,193) (75,166) (75,117) (75,113)
 (76,99) (76,165)
 (77,138) (77,115) (77,131) (77,188)
 (78,179) (78,104) (78,118) (78,155) (78,154) (78,147)
 (79,199) (79,110) (79,114) (79,176) (79,168)
 (80,189) (80,185) (80,81) (80,160) (80,143)
 (81,90)
 (82,117) (82,193) (82,173) (82,93)
 (83,186) (83,129) (83,146) (83,183) (83,200) (83,195) (83,192) (83,158)

 (85,135) (85,149)
 (86,113) (86,97) (86,190)
 (87,102) (87,191) (87,144)
 (88,168) (88,196) (88,110)
 (89,143)
 (90,120)
 (91,122) (91,154) (91,175)
 (92,190) (92,134) (92,103)
 (93,173)
 (94,126) (94,182) (94,140) (94,199)
 (95,115) (95,165) (95,130) (95,138)
 (96,160) (96,112)
 (97,134) (97,169) (97,190)
 (98,141)
 (99,165)
 (100,172) (100,119) (100,195)
 (101,135) (101,127) (101,157) (101,182)
 (102,180) (102,191)
 (103,134) (103,139)
 (104,154) (104,111)
 (105,171) (105,122) (105,151) (105,137)
 (106,145) (106,191) (106,180) (106,194) (106,136) (106,128)
 (107,124) (107,178) (107,172)
 (108,132) (108,167) (108,155) (108,109)
 (109,132) (109,163) (109,198) (109,136)
 (110,196) (110,114) (110,168)
 (111,153) (111,148) (111,184)
 (112,144) (112,180) (112,160)
 (113,117)
 (114,196) (114,121) (114,176)
 (115,138)
 (116,125) (116,130) (116,123) (116,165)
 (117,193)
 (118,155) (118,132) (118,163)
 (119,172) (119,192) (119,195) (119,170) (119,187) (119,197)
 (120,133) (120,146)
 (121,176) (121,131)
 (122,147) (122,154) (122,171) (122,175)
 (123,125)
 (124,149) (124,178)
 (125,130)
 (126,140)
 (127,157) (127,178)
 (128,194) (128,136) (128,198)
 (129,177) (129,158) (129,186)
 (130,165)
 (131,188) (131,142)
 (132,155) (132,163)
 (133,146)
 (134,169) (134,190)
 (135,157) (135,178) (135,149)
 (136,163) (136,198)
 (137,151) (137,142) (137,171)
 (138,188)
 (139,181) (139,168)
 (140,199)
 (141,174)
 (142,171) (142,188)
 (143,160)
 (144,161)
 (145,180)
 (146,158)
 (147,179) (147,154)
 (148,170) (148,187) (148,184) (148,197)
 (149,178)
 (150,182) (150,162)
 (151,164) (151,152)
 (152,164) (152,167) (152,155) (152,179)


 (155,179) (155,167)
 (156,163) (156,159)
 (157,178)

 (159,163)


 (162,182)

 (164,167)
 (165,175)
 (166,167) (166,193)



 (170,197) (170,187)
 (171,188) (171,175)
 (172,197)



 (176,199)
 (177,186)




 (182,199)
 (183,192) (183,186)
 (184,197)
 (185,189)
 (186,192)
 (187,192)



 (191,194)
 (192,195)

 (194,198)






;

end;
