# n300plap2i3.txt

# 17 cluster
param p := 17 ;

# 300 vertici
set V := 
 1 2 3 4 5 6 7 8 9 10 11 12 13 14 15 16 17 18 19 20 21 22 23 24 25 26 27 28 29 30 31 32 33 34 35 36 37 38 39 40 41 42 43 44 45 46 47 48 49 50 51 52 53 54 55 56 57 58 59 60 61 62 63 64 65 66 67 68 69 70 71 72 73 74 75 76 77 78 79 80 81 82 83 84 85 86 87 88 89 90 91 92 93 94 95 96 97 98 99 100 101 102 103 104 105 106 107 108 109 110 111 112 113 114 115 116 117 118 119 120 121 122 123 124 125 126 127 128 129 130 131 132 133 134 135 136 137 138 139 140 141 142 143 144 145 146 147 148 149 150 151 152 153 154 155 156 157 158 159 160 161 162 163 164 165 166 167 168 169 170 171 172 173 174 175 176 177 178 179 180 181 182 183 184 185 186 187 188 189 190 191 192 193 194 195 196 197 198 199 200 201 202 203 204 205 206 207 208 209 210 211 212 213 214 215 216 217 218 219 220 221 222 223 224 225 226 227 228 229 230 231 232 233 234 235 236 237 238 239 240 241 242 243 244 245 246 247 248 249 250 251 252 253 254 255 256 257 258 259 260 261 262 263 264 265 266 267 268 269 270 271 272 273 274 275 276 277 278 279 280 281 282 283 284 285 286 287 288 289 290 291 292 293 294 295 296 297 298 299 300
;

param w := 
  1    1
  2    1
  3    2
  4    4
  5    6
  6    7
  7   10
  8   11
  9   12
 10   15
 11   15
 12   15
 13   16
 14   17
 15   20
 16   21
 17   21
 18   22
 19   22
 20   24
 21   25
 22   25
 23   27
 24   27
 25   29
 26   29
 27   29
 28   29
 29   36
 30   37
 31   37
 32   39
 33   39
 34   40
 35   41
 36   41
 37   43
 38   46
 39   46
 40   47
 41   49
 42   49
 43   50
 44   50
 45   51
 46   54
 47   54
 48   55
 49   55
 50   57
 51   57
 52   58
 53   60
 54   60
 55   61
 56   62
 57   63
 58   63
 59   64
 60   66
 61   66
 62   68
 63   68
 64   69
 65   69
 66   70
 67   72
 68   73
 69   73
 70   73
 71   74
 72   77
 73   78
 74   78
 75   81
 76   82
 77   83
 78   83
 79   88
 80   89
 81   91
 82   92
 83   96
 84   96
 85   97
 86   99
 87   99
 88  100
 89  101
 90  101
 91  103
 92  104
 93  104
 94  107
 95  108
 96  109
 97  111
 98  112
 99  112
100  113
101  113
102  114
103  115
104  115
105  117
106  118
107  119
108  119
109  120
110  120
111  120
112  121
113  121
114  121
115  123
116  124
117  124
118  125
119  125
120  125
121  127
122  128
123  128
124  128
125  131
126  131
127  132
128  132
129  132
130  133
131  133
132  133
133  134
134  135
135  136
136  137
137  138
138  139
139  143
140  144
141  145
142  145
143  145
144  146
145  147
146  149
147  149
148  151
149  151
150  152
151  153
152  154
153  155
154  155
155  155
156  156
157  156
158  157
159  159
160  160
161  160
162  162
163  162
164  162
165  162
166  162
167  166
168  166
169  166
170  167
171  169
172  169
173  171
174  171
175  172
176  173
177  173
178  173
179  173
180  174
181  177
182  179
183  179
184  179
185  179
186  180
187  181
188  183
189  185
190  187
191  188
192  188
193  189
194  193
195  194
196  194
197  194
198  194
199  197
200  198
201  198
202  199
203  200
204  200
205  201
206  204
207  205
208  205
209  205
210  207
211  209
212  211
213  214
214  214
215  218
216  219
217  221
218  221
219  221
220  222
221  225
222  225
223  225
224  226
225  226
226  226
227  227
228  229
229  230
230  230
231  232
232  233
233  233
234  235
235  237
236  238
237  238
238  239
239  239
240  240
241  243
242  247
243  247
244  247
245  248
246  249
247  249
248  251
249  251
250  252
251  253
252  254
253  254
254  255
255  258
256  258
257  261
258  263
259  265
260  265
261  267
262  267
263  269
264  269
265  271
266  273
267  273
268  275
269  275
270  277
271  277
272  277
273  277
274  278
275  280
276  280
277  282
278  283
279  286
280  286
281  287
282  287
283  288
284  288
285  288
286  289
287  290
288  290
289  291
290  292
291  292
292  294
293  295
294  297
295  297
296  298
297  298
298  299
299  299
300  299
;

# 1730 lati
set E := 
 (1,279) (1,86) (1,196) (1,178) (1,55) (1,53) (1,235)
 (2,198) (2,270) (2,221) (2,161) (2,110) (2,259) (2,35) (2,99)
 (3,151) (3,44) (3,286) (3,21) (3,6) (3,162) (3,18)
 (4,78) (4,156) (4,295) (4,280) (4,130) (4,10) (4,108) (4,14)
 (5,41) (5,292) (5,246) (5,25) (5,210) (5,80)
 (6,94) (6,184) (6,293) (6,151) (6,54) (6,79) (6,162)
 (7,281) (7,150)
 (8,224) (8,61) (8,249) (8,207) (8,171) (8,232) (8,197)
 (9,146) (9,137) (9,298) (9,290) (9,180) (9,261)
 (10,142) (10,40) (10,196) (10,156) (10,108) (10,111)
 (11,165) (11,289) (11,137) (11,186) (11,27) (11,51) (11,298) (11,39) (11,261)
 (12,26) (12,216) (12,75) (12,234) (12,288) (12,132)
 (13,19) (13,176) (13,28) (13,98) (13,291)
 (14,36) (14,214) (14,156) (14,42) (14,280)
 (15,276) (15,138) (15,60) (15,181)
 (16,230) (16,225) (16,68) (16,208) (16,54) (16,157)
 (17,179) (17,300) (17,52) (17,28) (17,155) (17,19) (17,122)
 (18,30) (18,222) (18,144) (18,151) (18,21) (18,97)
 (19,179) (19,28) (19,176) (19,36)
 (20,206) (20,57) (20,177) (20,112)
 (21,249) (21,61) (21,242) (21,144) (21,286)
 (22,114) (22,163) (22,24)
 (23,141) (23,233) (23,244) (23,263) (23,273) (23,65) (23,213) (23,90) (23,128)
 (24,133) (24,228) (24,294) (24,163) (24,114) (24,132) (24,127)
 (25,247) (25,210) (25,282) (25,159) (25,246)
 (26,288) (26,46) (26,257) (26,132)
 (27,289) (27,205) (27,186)
 (28,48) (28,52) (28,98)
 (29,87) (29,272) (29,164) (29,167)
 (30,97)
 (31,194) (31,227) (31,266) (31,265)
 (32,64) (32,250) (32,209) (32,289) (32,148)
 (33,67) (33,271) (33,255) (33,127) (33,59)
 (34,120) (34,291) (34,174) (34,36) (34,160) (34,214)
 (35,223) (35,161) (35,110) (35,136) (35,149) (35,225) (35,259)
 (36,42) (36,176) (36,291) (36,84) (36,214) (36,179)
 (37,174) (37,156) (37,141) (37,134) (37,233) (37,90) (37,111)
 (38,239) (38,164) (38,240) (38,170) (38,109) (38,87) (38,166) (38,297)
 (39,186) (39,261) (39,209) (39,227) (39,64)
 (40,152) (40,108) (40,142) (40,56) (40,105)
 (41,80) (41,260) (41,44) (41,256) (41,292)
 (42,84) (42,280)
 (43,220) (43,123) (43,197) (43,192) (43,226) (43,188) (43,140) (43,199)
 (44,162) (44,286) (44,256) (44,260)
 (45,88) (45,164) (45,272) (45,219) (45,218) (45,83)
 (46,257) (46,294) (46,271) (46,158) (46,132) (46,109) (46,73)
 (47,70) (47,50) (47,262) (47,195) (47,264) (47,173)
 (48,52) (48,98)
 (49,89) (49,295) (49,78) (49,268)
 (50,195) (50,98) (50,211) (50,168) (50,70)
 (51,60) (51,71) (51,181) (51,298) (51,289) (51,283)
 (52,211) (52,98) (52,300)
 (53,263) (53,279) (53,178) (53,86) (53,128)
 (54,204) (54,208) (54,151) (54,285) (54,79) (54,68)
 (55,175) (55,81) (55,251) (55,86) (55,77) (55,235)
 (56,152) (56,105) (56,235) (56,219) (56,170) (56,77)
 (57,112) (57,206)
 (58,85) (58,89) (58,268) (58,262) (58,173) (58,116)
 (59,146) (59,271) (59,255) (59,182) (59,131) (59,93) (59,290)
 (60,283) (60,181) (60,71) (60,276)
 (61,242) (61,72) (61,232) (61,212) (61,249)
 (62,284) (62,131) (62,147) (62,158) (62,297) (62,87)
 (63,269) (63,159) (63,187) (63,238) (63,243) (63,210)
 (64,209) (64,227) (64,193) (64,266) (64,250)
 (65,190) (65,213) (65,244)
 (66,102) (66,115)
 (67,127) (67,255) (67,101)
 (68,115) (68,222) (68,151) (68,149) (68,225)
 (69,299) (69,107) (69,135)
 (70,264) (70,168)
 (71,181)
 (72,121) (72,242) (72,139) (72,117) (72,212)
 (73,284) (73,297) (73,109) (73,158)
 (74,116) (74,166) (74,288) (74,82) (74,109) (74,89) (74,216)
 (75,234) (75,168) (75,216) (75,252)
 (76,215) (76,259)
 (77,235) (77,251) (77,218) (77,184) (77,95) (77,219)
 (78,295) (78,268) (78,130)
 (79,204) (79,184)
 (80,256) (80,246) (80,143) (80,124) (80,185)
 (81,86) (81,175) (81,237) (81,296)
 (82,166) (82,240) (82,295) (82,89)
 (83,167) (83,147) (83,87) (83,218) (83,143) (83,272) (83,185)
 (84,280) (84,130) (84,179) (84,155)
 (85,268) (85,262) (85,195)
 (86,128) (86,296)
 (87,297) (87,164) (87,147) (87,167)
 (88,218) (88,219)
 (89,268) (89,116) (89,295)
 (90,141) (90,263) (90,111) (90,178)
 (91,299) (91,135) (91,213) (91,112) (91,120) (91,273)
 (92,145) (92,217) (92,296) (92,241) (92,202) (92,237)
 (93,124) (93,290) (93,131) (93,147) (93,143)
 (94,95) (94,184) (94,293)
 (95,183) (95,218) (95,184) (95,293)
 (96,235) (96,105) (96,142) (96,196)

 (98,291) (98,211) (98,168)
 (99,221) (99,258) (99,259) (99,113) (99,126) (99,275) (99,150)
 (100,160) (100,244) (100,120) (100,213) (100,190)
 (101,203) (101,236) (101,254) (101,255) (101,127)
 (102,115)
 (103,201) (103,136) (103,115) (103,223) (103,154)
 (104,267) (104,126)
 (105,142) (105,235)
 (106,145) (106,241) (106,231) (106,259) (106,275)
 (107,273) (107,299) (107,135) (107,202) (107,241)
 (108,152) (108,240) (108,295) (108,170)
 (109,239) (109,257) (109,166) (109,288) (109,297)
 (110,198) (110,270) (110,277) (110,136) (110,161) (110,140)
 (111,196) (111,178) (111,156)
 (112,126) (112,113) (112,177) (112,120) (112,206) (112,135)
 (113,206) (113,258) (113,126) (113,150) (113,177)
 (114,133) (114,163) (114,252) (114,169)
 (115,149) (115,222) (115,154) (115,223) (115,171)
 (116,153) (116,216) (116,264) (116,173)
 (117,139) (117,242) (117,292) (117,260)
 (118,278) (118,250) (118,252) (118,169) (118,119) (118,148)
 (119,248) (119,193) (119,250) (119,169)
 (120,160) (120,213) (120,291)
 (121,212) (121,269) (121,243) (121,245) (121,139)
 (122,300) (122,211) (122,155) (122,195)
 (123,277) (123,197) (123,140) (123,224) (123,207)
 (124,180) (124,143) (124,246) (124,290)
 (125,200) (125,188) (125,191) (125,189) (125,199) (125,245) (125,243)
 (126,229) (126,267) (126,172) (126,221)
 (127,294) (127,163) (127,254) (127,271)
 (128,296) (128,263) (128,202) (128,273)
 (129,138) (129,191) (129,226) (129,200) (129,187) (129,276)
 (130,280) (130,268) (130,155)
 (131,158) (131,271) (131,147)
 (132,228) (132,294) (132,234)
 (133,228) (133,252)
 (134,214) (134,174) (134,156)
 (135,177) (135,150) (135,299) (135,241)
 (136,223) (136,201) (136,277)
 (137,165) (137,261) (137,298)
 (138,276) (138,181)
 (139,269) (139,210) (139,292)
 (140,226) (140,277)
 (141,233)
 (142,196)
 (143,147) (143,185)
 (144,249) (144,274) (144,222)
 (145,241) (145,217) (145,231)
 (146,290) (146,261) (146,182)

 (148,278) (148,250) (148,289) (148,181)
 (149,223) (149,225)
 (150,281) (150,258) (150,177) (150,275) (150,241)
 (151,222)
 (152,170)
 (153,173) (153,264)
 (154,201) (154,287) (154,171) (154,277)
 (155,195) (155,268) (155,179)
 (156,214)
 (157,230) (157,217) (157,225) (157,237) (157,208)
 (158,284) (158,271)
 (159,210) (159,238) (159,253) (159,247)
 (160,244) (160,233) (160,174)
 (161,198)
 (162,256) (162,293)
 (163,254) (163,169)
 (164,219) (164,170) (164,272)
 (165,298)
 (166,240)
 (167,272)
 (168,216) (168,252) (168,264)
 (169,252) (169,265) (169,254) (169,248)
 (170,219) (170,240)
 (171,287) (171,274) (171,249) (171,222) (171,224)
 (172,229) (172,221) (172,270)
 (173,264) (173,262)
 (174,233) (174,214)
 (175,251) (175,285) (175,237)
 (176,291)
 (177,206)
 (178,279) (178,196) (178,263)

 (180,298) (180,246) (180,282) (180,290)
 (181,289)
 (182,255) (182,261) (182,194) (182,227) (182,203)
 (183,293) (183,185) (183,218)
 (184,251) (184,204)
 (185,256) (185,218) (185,293)
 (186,205) (186,209)
 (187,191) (187,283) (187,243) (187,238) (187,276)
 (188,199) (188,226) (188,200) (188,220)
 (189,191) (189,200)
 (190,244) (190,213)
 (191,200) (191,243)
 (192,199) (192,197) (192,232) (192,245)
 (193,248) (193,266) (193,250) (193,265)
 (194,236) (194,227) (194,203) (194,265)
 (195,262) (195,211) (195,268)
 (196,235)
 (197,207) (197,232)

 (199,220) (199,245)
 (200,226)
 (201,277)
 (202,296) (202,273) (202,241)
 (203,255) (203,236)
 (204,285) (204,251)
 (205,209) (205,289)

 (207,224)
 (208,230) (208,285) (208,237)
 (209,289)
 (210,292) (210,269)
 (211,300)
 (212,245) (212,232)
 (213,273)

 (215,259)
 (216,288) (216,264)
 (217,231) (217,259) (217,237) (217,225)
 (218,219)


 (221,270)
 (222,274)

 (224,287) (224,277)
 (225,259)

 (227,261) (227,266)
 (228,234) (228,252)
 (229,270)

 (231,259)
 (232,245)
 (233,244)
 (234,252)

 (236,265) (236,254)
 (237,285) (237,296)
 (238,253) (238,283)
 (239,297)
 (240,295)
 (241,275)
 (242,286) (242,260)
 (243,269) (243,245)


 (246,282)
 (247,253) (247,282) (247,283)
 (248,265)
 (249,274)
 (250,278)
 (251,285)

 (253,283)
 (254,265)

 (256,293)
 (257,288)

 (259,275)
 (260,286) (260,292)




 (265,266)





 (271,294)

 (273,299)


 (276,283)
 (277,287)




 (282,283) (282,298)
 (283,298)
 (284,297)
















;

end;
