# n300plap1i2.txt

# 6 cluster
param p := 6 ;

# 300 vertici
set V := 
 1 2 3 4 5 6 7 8 9 10 11 12 13 14 15 16 17 18 19 20 21 22 23 24 25 26 27 28 29 30 31 32 33 34 35 36 37 38 39 40 41 42 43 44 45 46 47 48 49 50 51 52 53 54 55 56 57 58 59 60 61 62 63 64 65 66 67 68 69 70 71 72 73 74 75 76 77 78 79 80 81 82 83 84 85 86 87 88 89 90 91 92 93 94 95 96 97 98 99 100 101 102 103 104 105 106 107 108 109 110 111 112 113 114 115 116 117 118 119 120 121 122 123 124 125 126 127 128 129 130 131 132 133 134 135 136 137 138 139 140 141 142 143 144 145 146 147 148 149 150 151 152 153 154 155 156 157 158 159 160 161 162 163 164 165 166 167 168 169 170 171 172 173 174 175 176 177 178 179 180 181 182 183 184 185 186 187 188 189 190 191 192 193 194 195 196 197 198 199 200 201 202 203 204 205 206 207 208 209 210 211 212 213 214 215 216 217 218 219 220 221 222 223 224 225 226 227 228 229 230 231 232 233 234 235 236 237 238 239 240 241 242 243 244 245 246 247 248 249 250 251 252 253 254 255 256 257 258 259 260 261 262 263 264 265 266 267 268 269 270 271 272 273 274 275 276 277 278 279 280 281 282 283 284 285 286 287 288 289 290 291 292 293 294 295 296 297 298 299 300
;

param w := 
  1    1
  2    1
  3    3
  4    3
  5    9
  6    9
  7   11
  8   11
  9   14
 10   15
 11   15
 12   15
 13   16
 14   16
 15   16
 16   18
 17   19
 18   20
 19   20
 20   20
 21   20
 22   24
 23   26
 24   26
 25   29
 26   30
 27   30
 28   30
 29   33
 30   33
 31   34
 32   34
 33   36
 34   37
 35   37
 36   37
 37   38
 38   39
 39   41
 40   42
 41   43
 42   43
 43   46
 44   47
 45   49
 46   49
 47   49
 48   50
 49   50
 50   51
 51   52
 52   52
 53   54
 54   56
 55   59
 56   60
 57   61
 58   61
 59   64
 60   65
 61   65
 62   66
 63   66
 64   66
 65   67
 66   67
 67   68
 68   69
 69   69
 70   73
 71   73
 72   74
 73   75
 74   75
 75   76
 76   77
 77   77
 78   80
 79   80
 80   82
 81   83
 82   83
 83   84
 84   84
 85   85
 86   85
 87   86
 88   86
 89   87
 90   87
 91   88
 92   89
 93   91
 94   92
 95   93
 96   93
 97   93
 98   94
 99   96
100   97
101   97
102   98
103   98
104   99
105   99
106  100
107  101
108  101
109  102
110  103
111  103
112  104
113  104
114  105
115  106
116  107
117  107
118  110
119  110
120  111
121  113
122  114
123  114
124  116
125  116
126  116
127  119
128  119
129  119
130  119
131  120
132  121
133  122
134  125
135  130
136  131
137  133
138  133
139  134
140  137
141  137
142  137
143  138
144  140
145  143
146  144
147  145
148  146
149  147
150  147
151  148
152  149
153  150
154  151
155  154
156  154
157  155
158  155
159  157
160  159
161  159
162  165
163  166
164  167
165  169
166  169
167  170
168  171
169  175
170  176
171  178
172  179
173  179
174  179
175  179
176  181
177  181
178  182
179  185
180  187
181  188
182  188
183  188
184  188
185  189
186  189
187  191
188  192
189  194
190  195
191  196
192  197
193  197
194  199
195  199
196  199
197  200
198  200
199  200
200  204
201  204
202  205
203  206
204  206
205  207
206  208
207  208
208  208
209  211
210  214
211  215
212  215
213  215
214  217
215  219
216  219
217  220
218  222
219  223
220  224
221  224
222  226
223  226
224  226
225  226
226  227
227  228
228  229
229  231
230  232
231  232
232  232
233  234
234  239
235  239
236  239
237  241
238  241
239  242
240  245
241  245
242  245
243  246
244  247
245  248
246  248
247  250
248  251
249  252
250  253
251  254
252  255
253  255
254  258
255  258
256  259
257  263
258  265
259  266
260  267
261  267
262  268
263  269
264  269
265  269
266  272
267  274
268  274
269  275
270  275
271  276
272  277
273  278
274  278
275  280
276  280
277  280
278  280
279  280
280  282
281  283
282  283
283  283
284  283
285  284
286  284
287  285
288  285
289  290
290  291
291  291
292  292
293  292
294  293
295  295
296  295
297  296
298  298
299  299
300  299
;

# 1740 lati
set E := 
 (1,77) (1,187) (1,135) (1,109)
 (2,195) (2,61) (2,3)
 (3,280) (3,20) (3,279) (3,258) (3,61) (3,17) (3,195)
 (4,282) (4,48) (4,21) (4,236)
 (5,47) (5,90) (5,227) (5,207)
 (6,174) (6,45)
 (7,74) (7,125) (7,186) (7,101) (7,53) (7,155) (7,254)
 (8,167) (8,198) (8,231) (8,128) (8,256) (8,214) (8,255)
 (9,221) (9,135) (9,12) (9,201) (9,234) (9,230) (9,149)
 (10,143) (10,271) (10,300) (10,287) (10,61) (10,41) (10,292) (10,68)
 (11,142) (11,41) (11,271) (11,75) (11,212) (11,80)
 (12,149) (12,54) (12,135) (12,233) (12,158)
 (13,49) (13,187) (13,103) (13,224) (13,146) (13,91)
 (14,273) (14,89) (14,86) (14,120) (14,164)
 (15,283) (15,193) (15,200)
 (16,115) (16,117) (16,251) (16,45)
 (17,134) (17,65) (17,289) (17,258) (17,279) (17,33) (17,101)
 (18,185) (18,176) (18,208) (18,24) (18,217) (18,119) (18,113) (18,180) (18,225) (18,253)
 (19,262) (19,157) (19,196) (19,136) (19,172) (19,72)
 (20,258) (20,65) (20,76) (20,61) (20,213)
 (21,236) (21,97) (21,48) (21,166) (21,71)
 (22,87) (22,147) (22,159) (22,70) (22,73) (22,112) (22,35) (22,217)
 (23,181) (23,251) (23,204) (23,49) (23,187)
 (24,113) (24,138) (24,159) (24,185) (24,290)
 (25,255) (25,288) (25,80) (25,175) (25,215) (25,198)
 (26,40) (26,106) (26,179) (26,221)
 (27,286) (27,238) (27,162) (27,57) (27,244)
 (28,297) (28,201) (28,42) (28,219)
 (29,265) (29,193) (29,272) (29,200) (29,184)
 (30,216) (30,72) (30,173) (30,183)
 (31,203) (31,122) (31,226) (31,95) (31,71) (31,118)
 (32,207) (32,227) (32,286) (32,151) (32,170)
 (33,243) (33,39) (33,202) (33,64) (33,163) (33,275) (33,53) (33,101) (33,279)
 (34,211) (34,232) (34,102) (34,256) (34,148) (34,46)
 (35,112) (35,270) (35,217) (35,104) (35,119)
 (36,123) (36,265) (36,115) (36,237) (36,277)
 (37,239) (37,73) (37,86) (37,70) (37,65) (37,134) (37,164)
 (38,82) (38,85) (38,96) (38,199) (38,127) (38,291)
 (39,132) (39,229) (39,46) (39,228) (39,275) (39,202) (39,298)
 (40,171) (40,51) (40,222) (40,106) (40,179)
 (41,143) (41,292) (41,271) (41,212) (41,44)
 (42,160) (42,230) (42,197) (42,297) (42,201)
 (43,223) (43,183)
 (44,68) (44,292) (44,212)
 (45,174) (45,117) (45,63) (45,235) (45,277) (45,115) (45,184)
 (46,229) (46,102) (46,256) (46,283) (46,298)
 (47,51) (47,90) (47,294) (47,207) (47,276) (47,106)
 (48,166) (48,59) (48,282) (48,240)
 (49,91) (49,187) (49,251)
 (50,222) (50,158) (50,179)
 (51,171) (51,294) (51,220) (51,106)
 (52,66) (52,98) (52,119) (52,114) (52,78) (52,178)
 (53,243) (53,64) (53,101) (53,155)
 (54,139) (54,130) (54,220) (54,233) (54,295) (54,103) (54,158)
 (55,225) (55,299) (55,300) (55,247) (55,218) (55,208) (55,107)
 (56,260) (56,214) (56,154) (56,248) (56,288)
 (57,238) (57,285) (57,244) (57,267)
 (58,165) (58,82) (58,96) (58,192) (58,266) (58,59) (58,240) (58,199)
 (59,240) (59,87) (59,166) (59,266) (59,152) (59,104)
 (60,248) (60,215) (60,260) (60,110)
 (61,68) (61,195) (61,213) (61,287)
 (62,100) (62,206) (62,197) (62,278) (62,150) (62,99) (62,264) (62,186)
 (63,121) (63,91) (63,224) (63,235) (63,117)
 (64,206) (64,155) (64,275) (64,116) (64,243) (64,249)
 (65,239) (65,258) (65,134) (65,76)
 (66,114) (66,119) (66,176)
 (67,161) (67,285) (67,140) (67,267) (67,156) (67,219)
 (68,195) (68,292) (68,212)
 (69,210) (69,95) (69,226) (69,168) (69,98) (69,178)
 (70,86) (70,273) (70,73) (70,147) (70,83)
 (71,129) (71,97) (71,196) (71,236) (71,168) (71,79) (71,118)
 (72,262) (72,173) (72,216) (72,196) (72,263)
 (73,76) (73,159) (73,239)
 (74,186) (74,155)
 (75,284) (75,212) (75,141) (75,80)
 (76,159) (76,213) (76,239)
 (77,177) (77,135) (77,230) (77,187) (77,197)
 (78,119) (78,98) (78,270) (78,210) (78,79)
 (79,210) (79,152) (79,129) (79,270) (79,168) (79,104)
 (80,284) (80,142) (80,255) (80,215)
 (81,165) (81,111) (81,144) (81,83) (81,192) (81,108) (81,199)
 (82,199) (82,96)
 (83,147) (83,266) (83,268) (83,273) (83,192) (83,111)
 (84,237) (84,123) (84,228) (84,275) (84,272)
 (85,291) (85,96) (85,236)
 (86,273) (86,164)
 (87,112) (87,147) (87,266) (87,104)
 (88,182) (88,157) (88,261) (88,136)
 (89,120) (89,94) (89,268) (89,273) (89,267) (89,246)
 (90,294) (90,281) (90,227)
 (91,121) (91,224) (91,251) (91,117)
 (92,148) (92,194) (92,256)
 (93,99) (93,278) (93,116)
 (94,120) (94,246) (94,289) (94,125) (94,164) (94,101)
 (95,122) (95,226) (95,178)
 (96,236) (96,240)
 (97,152) (97,166) (97,129)
 (98,210) (98,178)
 (99,116) (99,249) (99,150) (99,278)
 (100,278) (100,177) (100,197) (100,204)
 (101,289) (101,125)
 (102,283) (102,211) (102,193)
 (103,139) (103,146) (103,224) (103,130)
 (104,270) (104,112) (104,152)
 (105,110) (105,154) (105,248) (105,242) (105,232)
 (106,276) (106,221)
 (107,300) (107,271) (107,247) (107,142)
 (108,205) (108,124) (108,144) (108,111) (108,252)
 (109,135) (109,233) (109,187) (109,146)
 (110,248) (110,215)
 (111,124) (111,268) (111,245) (111,131)

 (113,290) (113,253)
 (114,178) (114,176)
 (115,237) (115,277) (115,278) (115,251)
 (116,189) (116,278) (116,249) (116,275)
 (117,251)
 (118,203) (118,226) (118,168)
 (119,176) (119,217) (119,270)
 (120,164)
 (121,224)
 (122,209) (122,299) (122,269) (122,142) (122,247) (122,178)
 (123,265) (123,237) (123,272)
 (124,145) (124,205) (124,131)
 (125,140) (125,246) (125,254)
 (126,290) (126,159) (126,180) (126,253) (126,217)
 (127,296) (127,199) (127,133) (127,291) (127,196)
 (128,241) (128,202) (128,163) (128,256) (128,231) (128,132)
 (129,152)
 (130,295) (130,169) (130,224)
 (131,145) (131,245)
 (132,202) (132,229) (132,256)
 (133,296) (133,196) (133,144) (133,263) (133,199)
 (134,289) (134,164)
 (135,230) (135,233)
 (136,250) (136,172) (136,137) (136,182) (136,157) (136,262) (136,153)
 (137,250) (137,216) (137,257) (137,262)
 (138,213) (138,185) (138,159)
 (139,146) (139,233)
 (140,254) (140,161) (140,190) (140,156) (140,246)
 (141,259) (141,231) (141,284) (141,188) (141,255) (141,167) (141,212)
 (142,271) (142,247) (142,215)
 (143,271)
 (144,252) (144,199) (144,263) (144,173)
 (145,205) (145,252) (145,170) (145,245)
 (146,233) (146,187)
 (147,266)
 (148,232) (148,194) (148,256) (148,242)
 (149,234) (149,158)
 (150,249) (150,206)
 (151,153) (151,281) (151,257) (151,250) (151,227) (151,170) (151,182)
 (152,166)
 (153,182) (153,250)
 (154,194) (154,248) (154,214) (154,242)
 (155,206) (155,186)
 (156,190) (156,160) (156,219) (156,297) (156,264)
 (157,261)
 (158,179) (158,220) (158,234) (158,222)
 (159,290) (159,217) (159,213)
 (160,264) (160,197) (160,297)
 (161,246) (161,267)
 (162,244) (162,207) (162,286)
 (163,202) (163,259) (163,188) (163,279) (163,241)
 (164,289)
 (165,192) (165,199)

 (167,231) (167,255)
 (168,226) (168,210)
 (169,235) (169,295) (169,224)
 (170,257) (170,286) (170,245) (170,216) (170,252)
 (171,220) (171,222)
 (172,262)
 (173,183) (173,263) (173,252)

 (175,215) (175,260) (175,288)
 (176,218) (176,225) (176,269) (176,178)
 (177,293) (177,204) (177,187) (177,181) (177,197)
 (178,269)
 (179,234) (179,221) (179,222)
 (180,253) (180,217)
 (181,204) (181,187)
 (182,281) (182,261)
 (183,223) (183,252) (183,216)
 (184,265) (184,193) (184,211) (184,277) (184,232) (184,235)
 (185,208) (185,213) (185,287)
 (186,206) (186,254) (186,190) (186,264)

 (188,280) (188,279) (188,212) (188,259) (188,195)
 (189,275) (189,278) (189,237)
 (190,254) (190,264)
 (191,219) (191,244) (191,201) (191,285) (191,276)
 (192,266)
 (193,200) (193,211) (193,283)
 (194,256) (194,242) (194,214)
 (195,212) (195,280)
 (196,263) (196,291) (196,236)
 (197,293) (197,230) (197,264)
 (198,255) (198,214) (198,288)

 (200,298) (200,272) (200,283) (200,274)
 (201,276) (201,219) (201,221) (201,230)


 (204,278) (204,251)
 (205,252)
 (206,249)
 (207,227) (207,276) (207,286) (207,244)
 (208,300) (208,287) (208,225)
 (209,269) (209,218) (209,299)

 (211,232)

 (213,287)
 (214,288) (214,256)
 (215,260)
 (216,257) (216,262) (216,252)

 (218,225) (218,269) (218,299)
 (219,297) (219,285)
 (220,222) (220,294) (220,261)
 (221,234) (221,276)


 (224,235)


 (227,281)
 (228,272) (228,274) (228,275) (228,298)
 (229,256)

 (231,241) (231,259)
 (232,242)



 (236,282) (236,291) (236,240)
 (237,275) (237,278)
 (238,245) (238,268) (238,267) (238,286)

 (240,282)
 (241,259)


 (244,276) (244,285)
 (245,286) (245,268)
 (246,267)
 (247,299)
 (248,260)

 (250,257)
 (251,278)

 (253,290)

 (255,284)




 (260,288)
 (261,281) (261,294)



 (265,277) (265,272)

 (267,285) (267,268)
 (268,273)


 (271,300)
 (272,274)

 (274,298)




 (279,280)

 (281,294)

 (283,298)



 (287,300)













;

end;
