# n400plap3i2.txt

# 67 cluster
param p := 67 ;

# 400 vertici
set V := 
 1 2 3 4 5 6 7 8 9 10 11 12 13 14 15 16 17 18 19 20 21 22 23 24 25 26 27 28 29 30 31 32 33 34 35 36 37 38 39 40 41 42 43 44 45 46 47 48 49 50 51 52 53 54 55 56 57 58 59 60 61 62 63 64 65 66 67 68 69 70 71 72 73 74 75 76 77 78 79 80 81 82 83 84 85 86 87 88 89 90 91 92 93 94 95 96 97 98 99 100 101 102 103 104 105 106 107 108 109 110 111 112 113 114 115 116 117 118 119 120 121 122 123 124 125 126 127 128 129 130 131 132 133 134 135 136 137 138 139 140 141 142 143 144 145 146 147 148 149 150 151 152 153 154 155 156 157 158 159 160 161 162 163 164 165 166 167 168 169 170 171 172 173 174 175 176 177 178 179 180 181 182 183 184 185 186 187 188 189 190 191 192 193 194 195 196 197 198 199 200 201 202 203 204 205 206 207 208 209 210 211 212 213 214 215 216 217 218 219 220 221 222 223 224 225 226 227 228 229 230 231 232 233 234 235 236 237 238 239 240 241 242 243 244 245 246 247 248 249 250 251 252 253 254 255 256 257 258 259 260 261 262 263 264 265 266 267 268 269 270 271 272 273 274 275 276 277 278 279 280 281 282 283 284 285 286 287 288 289 290 291 292 293 294 295 296 297 298 299 300 301 302 303 304 305 306 307 308 309 310 311 312 313 314 315 316 317 318 319 320 321 322 323 324 325 326 327 328 329 330 331 332 333 334 335 336 337 338 339 340 341 342 343 344 345 346 347 348 349 350 351 352 353 354 355 356 357 358 359 360 361 362 363 364 365 366 367 368 369 370 371 372 373 374 375 376 377 378 379 380 381 382 383 384 385 386 387 388 389 390 391 392 393 394 395 396 397 398 399 400
;

param w := 
  1    1
  2    4
  3    5
  4    6
  5    6
  6    9
  7   10
  8   10
  9   13
 10   14
 11   14
 12   15
 13   17
 14   17
 15   18
 16   18
 17   18
 18   18
 19   24
 20   25
 21   31
 22   31
 23   31
 24   34
 25   34
 26   35
 27   35
 28   36
 29   36
 30   36
 31   37
 32   39
 33   39
 34   40
 35   40
 36   40
 37   41
 38   41
 39   42
 40   42
 41   43
 42   44
 43   44
 44   46
 45   46
 46   48
 47   48
 48   50
 49   51
 50   52
 51   53
 52   55
 53   58
 54   59
 55   59
 56   59
 57   60
 58   62
 59   62
 60   63
 61   66
 62   66
 63   67
 64   68
 65   69
 66   70
 67   70
 68   70
 69   72
 70   73
 71   74
 72   74
 73   76
 74   76
 75   78
 76   78
 77   78
 78   79
 79   79
 80   82
 81   82
 82   83
 83   86
 84   87
 85   88
 86   88
 87   94
 88   96
 89   99
 90  101
 91  103
 92  104
 93  104
 94  104
 95  106
 96  107
 97  109
 98  113
 99  113
100  115
101  117
102  118
103  119
104  119
105  122
106  127
107  127
108  128
109  129
110  129
111  131
112  131
113  132
114  132
115  134
116  134
117  134
118  135
119  137
120  137
121  138
122  142
123  142
124  143
125  144
126  145
127  145
128  145
129  147
130  148
131  149
132  150
133  151
134  152
135  152
136  153
137  153
138  153
139  155
140  158
141  159
142  160
143  162
144  163
145  163
146  163
147  166
148  167
149  167
150  168
151  169
152  171
153  172
154  172
155  172
156  173
157  173
158  174
159  175
160  180
161  183
162  183
163  184
164  186
165  187
166  188
167  189
168  189
169  191
170  191
171  192
172  194
173  194
174  195
175  196
176  196
177  197
178  197
179  197
180  198
181  199
182  200
183  201
184  201
185  202
186  203
187  207
188  207
189  208
190  208
191  209
192  209
193  210
194  210
195  210
196  211
197  212
198  213
199  213
200  215
201  215
202  215
203  216
204  216
205  217
206  217
207  217
208  218
209  221
210  221
211  222
212  222
213  222
214  223
215  224
216  224
217  224
218  225
219  225
220  226
221  226
222  226
223  227
224  229
225  229
226  230
227  231
228  233
229  234
230  234
231  235
232  236
233  237
234  237
235  239
236  241
237  241
238  241
239  241
240  245
241  245
242  245
243  246
244  247
245  251
246  252
247  254
248  254
249  255
250  258
251  259
252  259
253  260
254  263
255  263
256  264
257  264
258  266
259  266
260  268
261  268
262  269
263  271
264  271
265  273
266  273
267  274
268  280
269  280
270  281
271  281
272  282
273  282
274  283
275  283
276  285
277  287
278  289
279  289
280  294
281  294
282  295
283  296
284  297
285  298
286  299
287  300
288  300
289  300
290  301
291  302
292  303
293  303
294  306
295  307
296  308
297  309
298  309
299  310
300  312
301  313
302  313
303  313
304  314
305  317
306  317
307  317
308  317
309  318
310  318
311  318
312  319
313  319
314  320
315  322
316  322
317  323
318  325
319  325
320  326
321  327
322  328
323  328
324  328
325  329
326  329
327  330
328  331
329  332
330  332
331  333
332  334
333  334
334  335
335  336
336  336
337  337
338  338
339  340
340  341
341  343
342  343
343  344
344  344
345  349
346  350
347  351
348  352
349  355
350  355
351  356
352  361
353  362
354  362
355  363
356  363
357  363
358  363
359  366
360  366
361  366
362  367
363  367
364  371
365  371
366  372
367  374
368  375
369  375
370  375
371  376
372  376
373  377
374  378
375  378
376  379
377  379
378  379
379  380
380  380
381  382
382  382
383  385
384  385
385  385
386  385
387  387
388  388
389  389
390  389
391  389
392  393
393  393
394  394
395  395
396  395
397  398
398  398
399  399
400  399
;

# 2272 lati
set E := 
 (1,46) (1,78) (1,366) (1,144) (1,317) (1,60)
 (2,372) (2,115) (2,12) (2,82) (2,23)
 (3,24) (3,173) (3,78) (3,18)
 (4,218) (4,285) (4,150) (4,335) (4,270) (4,52)
 (5,370) (5,222) (5,99) (5,27) (5,341) (5,398) (5,318) (5,123)
 (6,240) (6,70) (6,264) (6,276) (6,202) (6,90) (6,257)
 (7,82) (7,156) (7,287) (7,219)
 (8,392) (8,230) (8,170) (8,158)
 (9,196) (9,324) (9,97) (9,112) (9,73) (9,226)
 (10,108) (10,338) (10,140) (10,230)
 (11,247) (11,108) (11,338) (11,83) (11,227) (11,89) (11,387)
 (12,48) (12,214) (12,296) (12,115) (12,82) (12,287)
 (13,282) (13,188) (13,378) (13,19) (13,305) (13,291)
 (14,32) (14,345) (14,189) (14,80) (14,354) (14,41) (14,309) (14,288)
 (15,121) (15,117) (15,99) (15,197) (15,75) (15,142)
 (16,95) (16,202) (16,306) (16,373)
 (17,42) (17,380)
 (18,334) (18,143) (18,24) (18,69) (18,97) (18,96) (18,300)
 (19,378) (19,312) (19,47) (19,210) (19,305) (19,203) (19,365)
 (20,252) (20,241) (20,286) (20,135)
 (21,84) (21,387) (21,146) (21,89) (21,156) (21,87) (21,94)
 (22,250) (22,377) (22,267) (22,201) (22,289)
 (23,206) (23,372) (23,146) (23,82) (23,163)
 (24,102) (24,173) (24,334) (24,297) (24,120)
 (25,273) (25,182) (25,264) (25,106) (25,328)
 (26,34) (26,38) (26,212) (26,103) (26,153)
 (27,318) (27,289) (27,356) (27,123)
 (28,244) (28,62) (28,107) (28,199) (28,382)
 (29,255) (29,220) (29,130) (29,155) (29,101) (29,91) (29,397) (29,377)
 (30,152) (30,160) (30,164) (30,340) (30,85) (30,172) (30,327) (30,225) (30,374)
 (31,322) (31,234) (31,316) (31,118)
 (32,41) (32,354) (32,64)
 (33,88) (33,151) (33,186) (33,161) (33,359) (33,72) (33,80)
 (34,165) (34,381) (34,103) (34,153) (34,100)
 (35,279) (35,185) (35,144) (35,308) (35,262) (35,295)
 (36,179) (36,168) (36,172) (36,393) (36,44)
 (37,133) (37,384) (37,301) (37,39) (37,367) (37,134)
 (38,103) (38,314) (38,280) (38,212)
 (39,145) (39,367) (39,299) (39,223) (39,384)
 (40,59) (40,258) (40,251) (40,216)
 (41,269) (41,319) (41,64) (41,345) (41,246) (41,119)
 (42,127) (42,361) (42,225) (42,313) (42,380) (42,85)
 (43,312) (43,256) (43,210) (43,53) (43,321)
 (44,168) (44,190) (44,239) (44,63) (44,141) (44,393)
 (45,354) (45,131) (45,189) (45,64)
 (46,60) (46,144)
 (47,54) (47,203) (47,275) (47,365) (47,260)
 (48,214) (48,296) (48,95) (48,66) (48,187) (48,373)
 (49,191) (49,85)
 (50,61) (50,250) (50,272)
 (51,268) (51,362) (51,150) (51,177)
 (52,204) (52,251) (52,150) (52,362) (52,285)
 (53,256) (53,314) (53,302) (53,321) (53,312)
 (54,275) (54,133) (54,260) (54,199) (54,244)
 (55,100) (55,285) (55,233) (55,335) (55,303)
 (56,287) (56,81) (56,296) (56,213)
 (57,175) (57,253) (57,397) (57,91) (57,331) (57,99)
 (58,171) (58,118) (58,262) (58,276)
 (59,352) (59,159) (59,130) (59,124) (59,216) (59,347) (59,258)
 (60,254) (60,166) (60,399) (60,317) (60,144)
 (61,267) (61,289) (61,250) (61,116) (61,170) (61,356) (61,338) (61,272)
 (62,265) (62,209) (62,199) (62,107) (62,348) (62,343) (62,330) (62,270)
 (63,190) (63,205) (63,278) (63,393) (63,239) (63,74)
 (64,354) (64,114) (64,131) (64,332) (64,319) (64,261)
 (65,87) (65,89) (65,220) (65,83) (65,272) (65,194) (65,116)
 (66,128) (66,373) (66,74) (66,296) (66,205)
 (67,137) (67,122) (67,344) (67,143)
 (68,109) (68,92) (68,217) (68,105) (68,363) (68,344)
 (69,96) (69,125) (69,183) (69,300)
 (70,90) (70,276) (70,262)
 (71,236) (71,279)
 (72,88)
 (73,126) (73,226) (73,97) (73,143) (73,132)
 (74,205) (74,239) (74,373) (74,306) (74,249)
 (75,98) (75,293) (75,121) (75,123) (75,197)
 (76,304) (76,288) (76,189) (76,309) (76,131) (76,340)
 (77,366) (77,297) (77,317) (77,102) (77,139)
 (78,173) (78,102) (78,366)
 (79,305) (79,210)
 (80,309) (80,81) (80,186) (80,86) (80,345) (80,151)
 (81,213) (81,151) (81,86) (81,296)
 (82,146) (82,156) (82,287)
 (83,338) (83,116) (83,89)
 (84,101) (84,119) (84,94) (84,156) (84,400)
 (85,172) (85,225) (85,179) (85,361) (85,191)
 (86,269) (86,345) (86,213) (86,119)
 (87,194) (87,89) (87,94)

 (89,193) (89,387) (89,247)
 (90,262) (90,185) (90,202) (90,249) (90,306)
 (91,253) (91,155) (91,397) (91,129)
 (92,358) (92,344) (92,363) (92,132)
 (93,280) (93,271) (93,259) (93,314) (93,229) (93,321)
 (94,281) (94,266) (94,194) (94,248) (94,101) (94,220)
 (95,187) (95,257) (95,202) (95,373)
 (96,379) (96,215) (96,125) (96,137) (96,143)
 (97,112) (97,143) (97,391) (97,167)
 (98,121) (98,123)
 (99,397) (99,121) (99,123) (99,341) (99,142) (99,253)
 (100,165) (100,303) (100,335) (100,381)
 (101,325) (101,130) (101,220) (101,281) (101,400)
 (102,297) (102,173) (102,366)
 (103,302) (103,381) (103,314)
 (104,386) (104,164) (104,355) (104,225) (104,152) (104,228) (104,380)
 (105,109) (105,157) (105,355) (105,342) (105,217)
 (106,328) (106,171) (106,118) (106,273) (106,234)
 (107,270) (107,283) (107,382) (107,150) (107,301)
 (108,140) (108,338) (108,227) (108,310)
 (109,363) (109,157) (109,351)
 (110,394) (110,166) (110,399) (110,295) (110,144) (110,141) (110,168)
 (111,307) (111,138)
 (112,324) (112,391)
 (113,147) (113,198) (113,294) (113,329) (113,376)
 (114,319) (114,332) (114,153)
 (115,284) (115,372) (115,214) (115,349)
 (116,272) (116,338)
 (117,142) (117,197) (117,223)
 (118,234) (118,171)
 (119,269) (119,213) (119,400) (119,156) (119,219) (119,246)
 (120,334) (120,297) (120,315) (120,208) (120,139) (120,336)
 (121,123)
 (122,174) (122,137) (122,344) (122,379) (122,217)
 (123,356) (123,133) (123,293)
 (124,325) (124,159) (124,400) (124,246) (124,258)
 (125,183) (125,215) (125,346)
 (126,132) (126,143) (126,344)
 (127,162) (127,149) (127,371) (127,313) (127,263) (127,326) (127,361) (127,178) (127,183)
 (128,359) (128,205) (128,151) (128,161) (128,296)
 (129,389) (129,255) (129,221) (129,130) (129,347) (129,253) (129,155)
 (130,347) (130,159) (130,255) (130,325)
 (131,374) (131,340) (131,189) (131,261) (131,320)
 (132,358) (132,226) (132,385) (132,344)
 (133,134) (133,244) (133,293) (133,367) (133,301) (133,382)
 (134,301)
 (135,192) (135,286) (135,252) (135,182) (135,292) (135,136)
 (136,292) (136,154) (136,286) (136,368) (136,376)
 (137,379) (137,143)
 (138,396) (138,351) (138,357) (138,353) (138,259) (138,360) (138,307)
 (139,317) (139,254) (139,297) (139,336)
 (140,310) (140,392) (140,230)
 (141,394) (141,249) (141,168) (141,279) (141,239)
 (142,223) (142,253) (142,145)
 (143,344)
 (144,166) (144,262) (144,295)
 (145,223) (145,253) (145,221) (145,299) (145,388)
 (146,227) (146,156) (146,163) (146,387)
 (147,376) (147,349) (147,198)
 (148,195) (148,176) (148,157) (148,351) (148,374) (148,320) (148,228)
 (149,178) (149,361)
 (150,180) (150,177) (150,283) (150,270) (150,362)
 (151,359) (151,296)
 (152,164) (152,225)
 (153,165) (153,319) (153,212) (153,303) (153,233) (153,332)
 (154,376) (154,368) (154,257) (154,264) (154,214) (154,349) (154,284)
 (155,255)
 (156,219)
 (157,228) (157,355) (157,351)
 (158,170) (158,294) (158,329) (158,392)
 (159,325)
 (160,278) (160,304) (160,161) (160,393) (160,340) (160,172)
 (161,181) (161,359) (161,205) (161,278) (161,186) (161,304)
 (162,326) (162,200) (162,371)
 (163,206) (163,310) (163,227)
 (164,176) (164,374) (164,386)
 (165,303)
 (166,399)
 (167,290) (167,391) (167,242) (167,188) (167,375)
 (168,399) (168,179)
 (169,311) (169,212) (169,235) (169,274) (169,339)
 (170,230) (170,338) (170,241) (170,329)
 (171,273) (171,276) (171,264)
 (172,393) (172,179)

 (174,215) (174,217) (174,379) (174,346)
 (175,331)
 (176,374) (176,386) (176,228)
 (177,268) (177,211) (177,180) (177,388) (177,362)
 (178,263) (178,254) (178,361)
 (179,399) (179,361)
 (180,283) (180,299) (180,388)
 (181,205)
 (182,368) (182,264) (182,328) (182,192) (182,292)
 (183,326) (183,200) (183,263) (183,300) (183,346) (183,298)
 (184,337) (184,376)
 (185,308) (185,249) (185,262)
 (186,304) (186,309)
 (187,257) (187,214)
 (188,305) (188,290) (188,324) (188,391) (188,282)
 (189,354) (189,288)
 (190,239)

 (192,237) (192,322) (192,328) (192,316) (192,252)
 (193,247) (193,387)
 (194,220)
 (195,320) (195,339) (195,235) (195,396) (195,351)
 (196,385) (196,226) (196,360) (196,324) (196,229)
 (197,293) (197,367) (197,223)
 (198,294) (198,310) (198,372) (198,392) (198,349)
 (199,265) (199,275) (199,244) (199,330)
 (200,371) (200,326) (200,346)
 (201,341) (201,377) (201,289) (201,370) (201,318)
 (202,240) (202,257) (202,306)
 (203,330) (203,275) (203,312) (203,343)
 (204,233) (204,258) (204,251) (204,285) (204,246)
 (205,278)
 (206,310) (206,372)
 (207,286) (207,241) (207,329)
 (208,300) (208,334) (208,298) (208,315)
 (209,348) (209,343)
 (210,312) (210,305) (210,321)
 (211,388) (211,216) (211,362) (211,251)
 (212,332) (212,396) (212,311) (212,339) (212,280)
 (213,219) (213,287)
 (214,284) (214,257)
 (215,379) (215,346)
 (216,352) (216,251) (216,388)
 (217,342) (217,346) (217,344)
 (218,270) (218,335) (218,381) (218,323) (218,348)
 (219,287)
 (220,281) (220,377) (220,272) (220,250)
 (221,389) (221,352) (221,347) (221,253) (221,388)
 (222,398)
 (223,367)
 (224,350) (224,380)
 (225,380)
 (226,385)
 (227,387) (227,310)
 (228,386) (228,355)
 (229,271) (229,324) (229,321) (229,360) (229,259)
 (230,392) (230,338)
 (231,336) (231,263) (231,254)
 (232,302) (232,323) (232,343) (232,312)
 (233,303) (233,246) (233,285) (233,319)
 (234,328) (234,322)
 (235,274) (235,320) (235,339)
 (236,279)
 (237,322) (237,316)
 (238,369) (238,392)
 (239,249)

 (241,286) (241,252) (241,329)
 (242,383) (242,375) (242,245)
 (243,375) (243,291) (243,383) (243,395) (243,390)
 (244,382)
 (245,260) (245,383) (245,395)
 (246,258) (246,319) (246,400)
 (247,387)
 (248,266)
 (249,308) (249,306) (249,279)
 (250,272) (250,377) (250,267)
 (251,258) (251,362)
 (252,316)

 (254,399) (254,361) (254,336) (254,263) (254,317)

 (256,321)
 (257,264)

 (259,357) (259,280) (259,271) (259,360) (259,396)
 (260,395) (260,365)
 (261,332) (261,274) (261,311) (261,320)
 (262,276)
 (263,298) (263,336)
 (264,276) (264,368) (264,273)
 (265,330)

 (267,289)

 (269,345)
 (270,348)



 (274,311) (274,320)
 (275,330)

 (277,364) (277,340)
 (278,393)
 (279,295) (279,394) (279,308)
 (280,396) (280,314)

 (282,290) (282,291)
 (283,299) (283,384) (283,301)
 (284,349)
 (285,335)
 (286,376) (286,329)
 (287,296)
 (288,309)
 (289,356) (289,318)
 (290,375) (290,291)
 (291,390) (291,375) (291,378)
 (292,368)
 (293,367)
 (294,392) (294,329)
 (295,394)


 (298,315) (298,300) (298,336)
 (299,384) (299,388)
 (300,334)
 (301,382) (301,384)
 (302,323) (302,312) (302,381) (302,314)

 (304,340) (304,309)
 (305,324) (305,321)
 (306,373)



 (310,372) (310,392)
 (311,332)
 (312,343)
 (313,333) (313,380) (313,371)
 (314,321)
 (315,336)
 (316,322)
 (317,366)
 (318,370)

 (320,374)
 (321,324)
 (322,328)
 (323,343) (323,348) (323,381)
 (324,391)
 (325,400)

 (327,340) (327,374)

 (329,376)
 (330,343)


 (333,371) (333,342) (333,380) (333,346)

 (335,381)

 (337,376)

 (339,396)
 (340,364) (340,374)
 (341,370) (341,397) (341,377)
 (342,380) (342,355) (342,346)
 (343,348)


 (346,371)
 (347,389) (347,352)

 (349,372) (349,376)
 (350,380)
 (351,396) (351,363) (351,353)
 (352,388)
 (353,360) (353,363) (353,358)

 (355,380)

 (357,396)
 (358,363) (358,360) (358,385)

 (360,385)
 (361,399)



 (365,395) (365,378) (365,390)



 (369,392)





 (375,383)

 (377,397)
 (378,390)




 (383,395)






 (390,395)










;

end;
