# n400plap3i1.txt

# 67 cluster
param p := 67 ;

# 400 vertici
set V := 
 1 2 3 4 5 6 7 8 9 10 11 12 13 14 15 16 17 18 19 20 21 22 23 24 25 26 27 28 29 30 31 32 33 34 35 36 37 38 39 40 41 42 43 44 45 46 47 48 49 50 51 52 53 54 55 56 57 58 59 60 61 62 63 64 65 66 67 68 69 70 71 72 73 74 75 76 77 78 79 80 81 82 83 84 85 86 87 88 89 90 91 92 93 94 95 96 97 98 99 100 101 102 103 104 105 106 107 108 109 110 111 112 113 114 115 116 117 118 119 120 121 122 123 124 125 126 127 128 129 130 131 132 133 134 135 136 137 138 139 140 141 142 143 144 145 146 147 148 149 150 151 152 153 154 155 156 157 158 159 160 161 162 163 164 165 166 167 168 169 170 171 172 173 174 175 176 177 178 179 180 181 182 183 184 185 186 187 188 189 190 191 192 193 194 195 196 197 198 199 200 201 202 203 204 205 206 207 208 209 210 211 212 213 214 215 216 217 218 219 220 221 222 223 224 225 226 227 228 229 230 231 232 233 234 235 236 237 238 239 240 241 242 243 244 245 246 247 248 249 250 251 252 253 254 255 256 257 258 259 260 261 262 263 264 265 266 267 268 269 270 271 272 273 274 275 276 277 278 279 280 281 282 283 284 285 286 287 288 289 290 291 292 293 294 295 296 297 298 299 300 301 302 303 304 305 306 307 308 309 310 311 312 313 314 315 316 317 318 319 320 321 322 323 324 325 326 327 328 329 330 331 332 333 334 335 336 337 338 339 340 341 342 343 344 345 346 347 348 349 350 351 352 353 354 355 356 357 358 359 360 361 362 363 364 365 366 367 368 369 370 371 372 373 374 375 376 377 378 379 380 381 382 383 384 385 386 387 388 389 390 391 392 393 394 395 396 397 398 399 400
;

param w := 
  1    1
  2    2
  3    3
  4    5
  5    5
  6    7
  7    9
  8    9
  9    9
 10    9
 11   12
 12   13
 13   17
 14   18
 15   20
 16   21
 17   21
 18   22
 19   24
 20   29
 21   30
 22   30
 23   30
 24   31
 25   32
 26   33
 27   33
 28   34
 29   35
 30   37
 31   37
 32   38
 33   39
 34   40
 35   41
 36   44
 37   44
 38   44
 39   47
 40   48
 41   52
 42   53
 43   58
 44   59
 45   59
 46   60
 47   64
 48   65
 49   66
 50   66
 51   66
 52   68
 53   69
 54   69
 55   72
 56   74
 57   76
 58   77
 59   78
 60   79
 61   80
 62   81
 63   82
 64   82
 65   83
 66   84
 67   84
 68   85
 69   85
 70   86
 71   86
 72   86
 73   87
 74   87
 75   87
 76   88
 77   92
 78   92
 79   94
 80   95
 81   95
 82   97
 83   97
 84   98
 85   98
 86   99
 87   99
 88  101
 89  101
 90  102
 91  104
 92  104
 93  105
 94  105
 95  106
 96  107
 97  108
 98  108
 99  109
100  109
101  111
102  112
103  112
104  113
105  113
106  113
107  114
108  115
109  117
110  118
111  119
112  120
113  121
114  121
115  123
116  124
117  132
118  132
119  133
120  133
121  134
122  137
123  140
124  141
125  141
126  141
127  142
128  145
129  149
130  150
131  150
132  150
133  151
134  151
135  152
136  152
137  153
138  154
139  155
140  155
141  156
142  157
143  159
144  159
145  160
146  160
147  161
148  162
149  163
150  163
151  163
152  164
153  164
154  165
155  165
156  166
157  166
158  167
159  167
160  168
161  168
162  168
163  170
164  172
165  172
166  174
167  175
168  176
169  176
170  181
171  181
172  181
173  182
174  183
175  183
176  186
177  186
178  187
179  188
180  189
181  190
182  190
183  191
184  193
185  193
186  195
187  197
188  200
189  203
190  203
191  205
192  206
193  207
194  209
195  209
196  212
197  212
198  215
199  217
200  218
201  218
202  218
203  218
204  219
205  220
206  220
207  220
208  220
209  221
210  222
211  223
212  224
213  225
214  225
215  226
216  227
217  230
218  231
219  233
220  234
221  235
222  235
223  236
224  237
225  238
226  239
227  239
228  241
229  241
230  241
231  243
232  249
233  250
234  251
235  253
236  253
237  254
238  256
239  257
240  259
241  259
242  261
243  263
244  263
245  264
246  267
247  267
248  267
249  271
250  271
251  271
252  272
253  272
254  272
255  273
256  274
257  275
258  275
259  276
260  276
261  276
262  279
263  281
264  281
265  281
266  281
267  286
268  287
269  290
270  290
271  292
272  292
273  293
274  295
275  295
276  296
277  297
278  298
279  298
280  298
281  299
282  300
283  301
284  302
285  303
286  304
287  304
288  305
289  306
290  306
291  307
292  307
293  308
294  308
295  310
296  311
297  311
298  311
299  312
300  312
301  312
302  313
303  314
304  314
305  314
306  315
307  315
308  316
309  317
310  317
311  318
312  319
313  320
314  320
315  320
316  322
317  322
318  323
319  323
320  325
321  326
322  326
323  327
324  327
325  327
326  329
327  329
328  329
329  331
330  331
331  332
332  332
333  334
334  334
335  335
336  335
337  336
338  336
339  341
340  342
341  343
342  344
343  345
344  347
345  347
346  347
347  348
348  348
349  351
350  353
351  356
352  356
353  357
354  358
355  359
356  359
357  359
358  359
359  360
360  361
361  361
362  364
363  364
364  364
365  366
366  367
367  368
368  369
369  370
370  376
371  377
372  377
373  377
374  378
375  381
376  381
377  381
378  383
379  383
380  383
381  385
382  386
383  387
384  387
385  387
386  388
387  389
388  389
389  390
390  391
391  391
392  392
393  392
394  393
395  394
396  394
397  397
398  397
399  399
400  399
;

# 2310 lati
set E := 
 (1,243) (1,342)
 (2,201) (2,79) (2,150) (2,395) (2,200) (2,241)
 (3,172) (3,212) (3,210)
 (4,249) (4,364) (4,308) (4,195) (4,300)
 (5,102) (5,242) (5,272) (5,99) (5,192) (5,245) (5,367) (5,60)
 (6,225) (6,291) (6,127) (6,84) (6,100) (6,388)
 (7,191) (7,352) (7,65) (7,372)
 (8,86) (8,162) (8,160) (8,84) (8,164) (8,350) (8,383)
 (9,171) (9,29) (9,179) (9,154) (9,213) (9,108)
 (10,94) (10,139) (10,125) (10,270) (10,321) (10,191) (10,61) (10,48)
 (11,228) (11,311) (11,264) (11,55) (11,69) (11,74)
 (12,129) (12,147) (12,44) (12,255)
 (13,161) (13,375) (13,187)
 (14,267) (14,152) (14,326) (14,260) (14,148) (14,180) (14,248)
 (15,379) (15,239) (15,203) (15,59) (15,42)
 (16,218) (16,396) (16,362) (16,234) (16,23) (16,326) (16,328) (16,180) (16,81)
 (17,385) (17,398) (17,310) (17,336) (17,92) (17,325)
 (18,322) (18,368) (18,289) (18,231) (18,105)
 (19,390) (19,295)
 (20,316) (20,30) (20,100) (20,62) (20,367) (20,130) (20,25)
 (21,347) (21,362) (21,164) (21,318) (21,276)
 (22,30) (22,281) (22,130)
 (23,328) (23,355) (23,234) (23,347) (23,318)
 (24,244) (24,346) (24,198) (24,67) (24,190) (24,117)
 (25,387) (25,109) (25,367) (25,130) (25,192)
 (26,111) (26,32) (26,307) (26,90)
 (27,82) (27,264) (27,208) (27,257)
 (28,299) (28,178) (28,282) (28,228) (28,193) (28,74) (28,312)
 (29,108) (29,157) (29,213) (29,384)
 (30,130) (30,316) (30,281)
 (31,221) (31,339) (31,271) (31,236) (31,145) (31,212) (31,50)
 (32,90) (32,307)
 (33,77) (33,205) (33,370) (33,80) (33,132) (33,366)
 (34,42) (34,379) (34,275) (34,259)
 (35,260)
 (36,385) (36,110) (36,224) (36,345) (36,135) (36,40) (36,398)
 (37,71) (37,260)
 (38,280) (38,365) (38,254) (38,368)
 (39,124) (39,389) (39,78) (39,136) (39,321) (39,130) (39,397)
 (40,262) (40,375) (40,224) (40,345)
 (41,150) (41,56) (41,76) (41,47) (41,182) (41,50)
 (42,275) (42,59) (42,379)
 (43,354) (43,238) (43,87)
 (44,323) (44,271) (44,304) (44,255) (44,314) (44,129) (44,170) (44,300) (44,144)
 (45,285) (45,98) (45,223) (45,378)
 (46,341) (46,217) (46,230) (46,303) (46,53) (46,357) (46,186) (46,340)
 (47,56) (47,205) (47,50) (47,221) (47,76)
 (48,95) (48,298) (48,139) (48,118) (48,94)
 (49,258) (49,324) (49,64) (49,97)
 (50,182) (50,56) (50,339) (50,221)
 (51,309) (51,66) (51,207) (51,199) (51,288) (51,161)
 (52,343) (52,116) (52,295) (52,384) (52,157)
 (53,341) (53,377) (53,380) (53,357) (53,235) (53,54) (53,338)
 (54,123) (54,394) (54,341) (54,247) (54,380)
 (55,58) (55,74) (55,69)

 (57,320) (57,288) (57,233) (57,284) (57,123) (57,333) (57,394)
 (58,175) (58,196) (58,273) (58,65) (58,74) (58,69)
 (59,128) (59,275) (59,239) (59,220) (59,240) (59,222)
 (60,287) (60,272) (60,299) (60,227) (60,245) (60,250)
 (61,94) (61,270) (61,298)
 (62,335) (62,316) (62,350) (62,307) (62,90) (62,100)
 (63,310) (63,374) (63,317) (63,336) (63,392) (63,325)
 (64,107) (64,184) (64,97) (64,312) (64,99) (64,258) (64,245)
 (65,196) (65,191) (65,273) (65,372)
 (66,284) (66,331) (66,161) (66,288) (66,233)
 (67,395) (67,148) (67,248) (67,190) (67,346) (67,267) (67,121)
 (68,240) (68,155) (68,269) (68,309) (68,220) (68,207)
 (69,311) (69,211) (69,264) (69,175) (69,208)
 (70,139) (70,173) (70,196) (70,118)
 (71,260)
 (72,101) (72,182) (72,319) (72,115) (72,170) (72,150) (72,241)
 (73,81) (73,87) (73,103) (73,366) (73,106) (73,326) (73,141) (73,286)
 (74,371) (74,312) (74,228) (74,273)
 (75,391) (75,374) (75,142) (75,310) (75,297) (75,380)
 (76,201) (76,132) (76,150) (76,205)
 (77,358) (77,80) (77,342) (77,366)
 (78,337) (78,130) (78,136) (78,109)
 (79,346) (79,256) (79,395) (79,241) (79,117) (79,198)
 (80,342) (80,174) (80,212) (80,187) (80,205) (80,243)
 (81,396) (81,326) (81,141)
 (82,257) (82,296) (82,264)
 (83,261) (83,137) (83,119) (83,400) (83,282) (83,151) (83,215) (83,354)
 (84,383) (84,100) (84,225) (84,164)
 (85,226) (85,320) (85,394) (85,333) (85,247) (85,156) (85,279) (85,268)
 (86,350) (86,369) (86,162)
 (87,329) (87,106) (87,354) (87,274) (87,151) (87,238) (87,103)
 (88,102) (88,97) (88,166) (88,324) (88,363) (88,99) (88,361) (88,89)
 (89,166) (89,397) (89,313) (89,361) (89,124)
 (90,335) (90,232) (90,111) (90,281) (90,307) (90,113)
 (91,179) (91,235) (91,377) (91,223) (91,285) (91,142) (91,252)
 (92,206) (92,135) (92,385) (92,325)
 (93,133) (93,349) (93,222) (93,104) (93,156)
 (94,298)
 (95,158) (95,298) (95,118) (95,211)
 (96,190) (96,306) (96,314)
 (97,363) (97,99) (97,324)
 (98,154) (98,223) (98,208) (98,378)
 (99,245) (99,102)
 (100,291) (100,383) (100,350) (100,367) (100,127) (100,160)
 (101,115) (101,304) (101,170)
 (102,389) (102,242) (102,166)
 (103,329) (103,243) (103,366) (103,393)
 (104,133) (104,246) (104,156) (104,189)
 (105,368) (105,327) (105,300) (105,365) (105,188) (105,280) (105,322)
 (106,238) (106,163) (106,141) (106,266)
 (107,312)
 (108,384) (108,270) (108,154) (108,125)
 (109,337) (109,387) (109,130)
 (110,131) (110,274) (110,135) (110,393) (110,345) (110,329)
 (111,183) (111,283) (111,307) (111,113)
 (112,114) (112,353) (112,234) (112,169) (112,302) (112,248) (112,180)
 (113,216) (113,283) (113,204) (113,399) (113,344) (113,232)
 (114,169) (114,204) (114,234)
 (115,304) (115,236) (115,182) (115,271)
 (116,381) (116,157) (116,293) (116,295)
 (117,256) (117,359) (117,314) (117,170) (117,244) (117,198) (117,241)
 (118,173) (118,373) (118,211) (118,139)
 (119,250) (119,360) (119,282) (119,227) (119,400)
 (120,181) (120,221)
 (121,185) (121,399) (121,302) (121,248) (121,219) (121,344) (121,177) (121,190) (121,216)
 (122,294) (122,126) (122,146) (122,202)
 (123,297) (123,380) (123,394) (123,233)
 (124,397) (124,321) (124,313)
 (125,194) (125,384) (125,343) (125,270)
 (126,292) (126,294) (126,146) (126,167)
 (127,291) (127,388) (127,227) (127,367) (127,272)
 (128,209) (128,240) (128,165) (128,239)
 (129,147) (129,195) (129,300) (129,249)

 (131,345) (131,393)
 (132,376) (132,201) (132,200) (132,370) (132,205)
 (133,197) (133,222) (133,189)
 (134,253) (134,229) (134,146) (134,292) (134,153)
 (135,274) (135,151) (135,385) (135,206) (135,261)
 (136,389) (136,337)
 (137,325) (137,296) (137,282) (137,206) (137,261)
 (138,372) (138,361) (138,352)
 (139,196) (139,191)
 (140,147) (140,149) (140,195) (140,364) (140,301) (140,255) (140,348)
 (141,266) (141,396) (141,276) (141,215) (141,163)
 (142,377) (142,380) (142,252) (142,374)
 (143,334) (143,368) (143,155) (143,254) (143,289) (143,165)
 (144,232) (144,306) (144,314)
 (145,301) (145,172) (145,271) (145,212) (145,255)
 (146,202) (146,253) (146,292) (146,293)
 (147,195) (147,255)
 (148,267) (148,248)
 (149,301) (149,172) (149,348) (149,269) (149,334) (149,265)
 (150,182) (150,201) (150,241)
 (151,261) (151,354) (151,274)
 (152,200) (152,395) (152,290) (152,267) (152,260)
 (153,253) (153,229) (153,213) (153,381) (153,357)
 (154,223) (154,208) (154,270) (154,158) (154,179)
 (155,269) (155,209) (155,240) (155,165) (155,334)
 (156,268) (156,246) (156,349) (156,279)
 (157,384) (157,381) (157,213)
 (158,211) (158,208) (158,270) (158,298)
 (159,282) (159,287) (159,250) (159,193)
 (160,383) (160,350)
 (161,187) (161,331) (161,174) (161,210) (161,375) (161,199)
 (162,164) (162,386) (162,369)
 (163,266) (163,215) (163,354) (163,238)
 (164,318) (164,276) (164,225) (164,386)
 (165,239) (165,289) (165,209)
 (166,397) (166,389)
 (167,303) (167,214) (167,292) (167,229) (167,294)
 (168,297) (168,224) (168,315) (168,331) (168,398) (168,391)
 (169,278) (169,302) (169,177) (169,216) (169,204)
 (170,359) (170,323) (170,319) (170,314) (170,304)
 (171,213)
 (172,210) (172,301) (172,212) (172,265)
 (173,373) (173,175) (173,196)
 (174,187) (174,212) (174,210)
 (175,373) (175,196) (175,211)
 (176,231) (176,289) (176,203) (176,239)
 (177,278) (177,185) (177,216)
 (178,184) (178,312) (178,245) (178,299)
 (179,223) (179,235) (179,357) (179,213)
 (180,353) (180,326) (180,234) (180,248)
 (181,221)
 (182,339) (182,236)
 (183,369) (183,251) (183,307) (183,283)
 (184,245) (184,312)
 (185,302) (185,278)
 (186,382) (186,279) (186,303) (186,247) (186,214) (186,340) (186,246) (186,341)
 (187,345) (187,243) (187,375)
 (188,327) (188,300) (188,351) (188,348) (188,365)
 (189,246) (189,197) (189,214)
 (190,314) (190,219) (190,306) (190,244)
 (191,196) (191,352) (191,313) (191,321)
 (192,387) (192,242) (192,367)
 (193,287) (193,299) (193,282)
 (194,343) (194,295) (194,330)
 (195,249) (195,364)

 (197,332) (197,222) (197,259) (197,356)
 (198,256) (198,346)
 (199,265) (199,277) (199,207) (199,210)
 (200,290) (200,395) (200,201) (200,376)

 (202,293) (202,330) (202,294)
 (203,231) (203,379) (203,322) (203,239)
 (204,216) (204,355) (204,234) (204,283)
 (205,221) (205,212)
 (206,325) (206,261)
 (207,277) (207,309) (207,269)
 (208,378) (208,211) (208,264) (208,257)
 (209,240)
 (210,265) (210,212)
 (211,373)
 (212,221)
 (213,381) (213,357)
 (214,246) (214,303)
 (215,276) (215,400) (215,354) (215,225)
 (216,344)
 (217,229) (217,230) (217,357)
 (218,362) (218,328)
 (219,399) (219,232) (219,306)
 (220,263) (220,240) (220,222) (220,349) (220,309)

 (222,332) (222,275) (222,349)
 (223,285)
 (224,331) (224,262) (224,398)
 (225,360) (225,388) (225,400) (225,276)
 (226,247) (226,279)
 (227,388) (227,250) (227,360) (227,272)
 (228,264) (228,296) (228,282)
 (229,230) (229,357) (229,303) (229,292)
 (230,303)
 (231,322) (231,289)
 (232,399) (232,306)
 (233,315) (233,284) (233,297) (233,331)
 (234,355)
 (235,338) (235,377) (235,357)
 (236,339) (236,271)
 (237,305) (237,309)
 (238,354)
 (239,289)

 (241,319) (241,359)
 (242,389) (242,387)
 (243,393) (243,345) (243,342) (243,366)
 (244,314)
 (245,299)
 (246,279)
 (247,394) (247,279) (247,341)
 (248,353) (248,302)
 (249,300)
 (250,287) (250,282)
 (251,355) (251,283) (251,369)
 (252,285) (252,317) (252,378) (252,374)
 (253,293) (253,381)
 (254,334) (254,368) (254,365)
 (255,271) (255,301)

 (257,392) (257,378) (257,296)
 (258,371) (258,312) (258,273) (258,372) (258,324)
 (259,356) (259,275)
 (260,290) (260,326) (260,286)

 (262,331) (262,375)
 (263,268) (263,333) (263,349) (263,309)
 (264,311) (264,296)
 (265,269) (265,277)

 (267,395)
 (268,349) (268,333)
 (269,277) (269,334)
 (270,298)
 (271,304)
 (272,367)
 (273,371) (273,372)
 (274,329)
 (275,356) (275,332)
 (276,362) (276,396)

 (278,302)

 (280,368) (280,365)
 (281,335) (281,316)
 (282,296)
 (283,355)
 (284,288)
 (285,378)
 (286,370) (286,290) (286,366) (286,376) (286,326)
 (287,299)
 (288,333) (288,309)
 (289,368)
 (290,376)


 (293,330) (293,295) (293,381)
 (294,330)
 (295,330) (295,343) (295,390)
 (296,392) (296,325)
 (297,391) (297,315) (297,380)


 (300,327) (300,351) (300,322) (300,308)



 (304,323)
 (305,309)
 (306,314)
 (307,369) (307,350)
 (308,351) (308,348) (308,364)
 (309,333)
 (310,336) (310,398) (310,391) (310,374)

 (312,371)
 (313,352) (313,361) (313,321)

 (315,331)
 (316,335)
 (317,374) (317,392) (317,378)
 (318,386) (318,347) (318,355) (318,369)
 (319,359)
 (320,333) (320,394)



 (324,363) (324,372) (324,361)
 (325,392) (325,336)


 (328,347) (328,362)
 (329,393)

 (331,375)
 (332,356)

 (334,365) (334,348)


 (337,387) (337,389)
 (338,357)

 (340,382) (340,341)

 (342,358) (342,366)
 (343,384)
 (344,399)
 (345,393) (345,375)
 (346,395)
 (347,362)
 (348,365) (348,364) (348,351)

 (350,369)

 (352,372) (352,361)


 (355,369)


 (358,366)

 (360,388) (360,400)
 (361,372)
 (362,396)



 (366,370)


 (369,386)
 (370,376)






 (377,380)
 (378,392)






 (385,398)

 (387,389)

 (389,397)

 (391,398)









;

end;
