# n400plap3i4.txt

# 67 cluster
param p := 67 ;

# 400 vertici
set V := 
 1 2 3 4 5 6 7 8 9 10 11 12 13 14 15 16 17 18 19 20 21 22 23 24 25 26 27 28 29 30 31 32 33 34 35 36 37 38 39 40 41 42 43 44 45 46 47 48 49 50 51 52 53 54 55 56 57 58 59 60 61 62 63 64 65 66 67 68 69 70 71 72 73 74 75 76 77 78 79 80 81 82 83 84 85 86 87 88 89 90 91 92 93 94 95 96 97 98 99 100 101 102 103 104 105 106 107 108 109 110 111 112 113 114 115 116 117 118 119 120 121 122 123 124 125 126 127 128 129 130 131 132 133 134 135 136 137 138 139 140 141 142 143 144 145 146 147 148 149 150 151 152 153 154 155 156 157 158 159 160 161 162 163 164 165 166 167 168 169 170 171 172 173 174 175 176 177 178 179 180 181 182 183 184 185 186 187 188 189 190 191 192 193 194 195 196 197 198 199 200 201 202 203 204 205 206 207 208 209 210 211 212 213 214 215 216 217 218 219 220 221 222 223 224 225 226 227 228 229 230 231 232 233 234 235 236 237 238 239 240 241 242 243 244 245 246 247 248 249 250 251 252 253 254 255 256 257 258 259 260 261 262 263 264 265 266 267 268 269 270 271 272 273 274 275 276 277 278 279 280 281 282 283 284 285 286 287 288 289 290 291 292 293 294 295 296 297 298 299 300 301 302 303 304 305 306 307 308 309 310 311 312 313 314 315 316 317 318 319 320 321 322 323 324 325 326 327 328 329 330 331 332 333 334 335 336 337 338 339 340 341 342 343 344 345 346 347 348 349 350 351 352 353 354 355 356 357 358 359 360 361 362 363 364 365 366 367 368 369 370 371 372 373 374 375 376 377 378 379 380 381 382 383 384 385 386 387 388 389 390 391 392 393 394 395 396 397 398 399 400
;

param w := 
  1    1
  2    1
  3    2
  4    2
  5    4
  6    6
  7    7
  8    8
  9    9
 10   11
 11   11
 12   14
 13   15
 14   16
 15   18
 16   18
 17   19
 18   19
 19   20
 20   21
 21   21
 22   21
 23   23
 24   25
 25   25
 26   26
 27   27
 28   28
 29   28
 30   30
 31   30
 32   30
 33   31
 34   32
 35   33
 36   33
 37   33
 38   34
 39   34
 40   35
 41   35
 42   35
 43   35
 44   36
 45   36
 46   42
 47   43
 48   44
 49   44
 50   45
 51   45
 52   48
 53   48
 54   49
 55   49
 56   50
 57   50
 58   51
 59   53
 60   53
 61   53
 62   55
 63   57
 64   59
 65   61
 66   61
 67   63
 68   66
 69   66
 70   67
 71   67
 72   69
 73   69
 74   70
 75   70
 76   70
 77   71
 78   72
 79   72
 80   72
 81   73
 82   74
 83   74
 84   78
 85   78
 86   79
 87   80
 88   80
 89   81
 90   82
 91   82
 92   83
 93   83
 94   83
 95   83
 96   83
 97   86
 98   87
 99   87
100   90
101   90
102   91
103   91
104   93
105   94
106   95
107   95
108   97
109  100
110  102
111  102
112  105
113  105
114  105
115  108
116  108
117  110
118  111
119  115
120  116
121  117
122  117
123  117
124  118
125  118
126  119
127  120
128  123
129  124
130  126
131  126
132  126
133  127
134  128
135  129
136  129
137  132
138  132
139  132
140  133
141  133
142  134
143  136
144  136
145  137
146  137
147  138
148  139
149  139
150  140
151  142
152  143
153  144
154  145
155  146
156  147
157  147
158  148
159  149
160  151
161  152
162  155
163  155
164  155
165  158
166  158
167  160
168  162
169  162
170  163
171  163
172  164
173  164
174  164
175  165
176  165
177  165
178  166
179  167
180  170
181  171
182  174
183  174
184  175
185  176
186  178
187  179
188  187
189  189
190  189
191  189
192  190
193  192
194  192
195  195
196  196
197  197
198  199
199  201
200  201
201  203
202  204
203  205
204  206
205  206
206  207
207  208
208  208
209  211
210  212
211  213
212  214
213  214
214  214
215  216
216  218
217  219
218  220
219  225
220  225
221  225
222  227
223  227
224  227
225  227
226  229
227  229
228  234
229  234
230  234
231  234
232  235
233  235
234  236
235  237
236  237
237  238
238  238
239  239
240  239
241  241
242  244
243  244
244  244
245  246
246  251
247  251
248  253
249  253
250  254
251  254
252  256
253  256
254  256
255  257
256  258
257  258
258  259
259  259
260  260
261  260
262  262
263  262
264  263
265  263
266  264
267  265
268  267
269  267
270  268
271  268
272  268
273  269
274  269
275  270
276  272
277  272
278  274
279  274
280  276
281  277
282  280
283  283
284  283
285  284
286  286
287  286
288  287
289  288
290  288
291  289
292  290
293  290
294  294
295  295
296  297
297  298
298  299
299  300
300  301
301  301
302  302
303  303
304  305
305  305
306  305
307  306
308  311
309  311
310  312
311  313
312  316
313  318
314  320
315  322
316  323
317  324
318  324
319  325
320  325
321  325
322  326
323  326
324  326
325  327
326  327
327  327
328  327
329  331
330  332
331  333
332  333
333  334
334  334
335  335
336  336
337  338
338  342
339  342
340  342
341  343
342  344
343  344
344  345
345  346
346  346
347  347
348  347
349  349
350  350
351  350
352  351
353  352
354  357
355  357
356  358
357  358
358  359
359  360
360  360
361  360
362  360
363  364
364  364
365  365
366  365
367  367
368  370
369  371
370  371
371  371
372  372
373  375
374  376
375  377
376  378
377  378
378  378
379  379
380  381
381  382
382  384
383  386
384  387
385  387
386  389
387  390
388  390
389  391
390  392
391  392
392  393
393  394
394  394
395  395
396  396
397  397
398  397
399  399
400  399
;

# 2302 lati
set E := 
 (1,245) (1,49) (1,127) (1,132)
 (2,79) (2,6) (2,161) (2,37) (2,151) (2,124)
 (3,109) (3,351) (3,148) (3,43) (3,189) (3,77)
 (4,302) (4,312) (4,40) (4,107) (4,252) (4,114) (4,126)
 (5,211) (5,194) (5,319) (5,356) (5,78)
 (6,124) (6,143) (6,73) (6,161)
 (7,386) (7,359) (7,88) (7,176) (7,153) (7,350) (7,158) (7,326) (7,74)
 (8,40) (8,114) (8,396) (8,392) (8,252) (8,51)
 (9,137) (9,10) (9,171) (9,48)
 (10,379) (10,48) (10,265) (10,95) (10,137) (10,58) (10,34)
 (11,128) (11,261) (11,96)
 (12,354) (12,290) (12,105) (12,50) (12,306)
 (13,77) (13,335) (13,233) (13,109) (13,220)
 (14,197) (14,285) (14,43) (14,24) (14,294) (14,140) (14,189)
 (15,120) (15,106) (15,187) (15,258) (15,84)
 (16,258) (16,362) (16,187) (16,64) (16,101) (16,336) (16,212)
 (17,317) (17,122) (17,344) (17,222)
 (18,80) (18,278) (18,160) (18,54) (18,93)
 (19,270) (19,296) (19,204) (19,132) (19,364) (19,276)
 (20,67) (20,172) (20,221) (20,372) (20,259) (20,339)
 (21,47) (21,230) (21,231) (21,30) (21,381)
 (22,38) (22,181) (22,239) (22,214) (22,191) (22,138) (22,289) (22,72)
 (23,86) (23,103) (23,331) (23,50) (23,91) (23,280) (23,354) (23,180)
 (24,71) (24,197) (24,285) (24,87) (24,42) (24,382)
 (25,374) (25,203) (25,304) (25,219)
 (26,321) (26,56) (26,129) (26,210) (26,371) (26,186) (26,216)
 (27,254) (27,250)
 (28,298) (28,151) (28,259) (28,338) (28,299) (28,124)
 (29,81) (29,320) (29,118)
 (30,47) (30,375) (30,230) (30,274) (30,169)
 (31,309) (31,368) (31,118) (31,255) (31,334) (31,79) (31,337)
 (32,394) (32,323) (32,300) (32,297)
 (33,192) (33,398) (33,241) (33,266) (33,332) (33,235) (33,45) (33,152)
 (34,363) (34,170) (34,379) (34,272) (34,48)
 (35,165) (35,62) (35,233) (35,148) (35,77)
 (36,195) (36,221) (36,247) (36,330) (36,338) (36,66) (36,249) (36,244)
 (37,149) (37,242) (37,161) (37,83) (37,263) (37,333) (37,79)
 (38,72) (38,130) (38,191)
 (39,46) (39,271) (39,185) (39,159) (39,327) (39,262)
 (40,252) (40,114)
 (41,284) (41,101) (41,362) (41,75) (41,162)
 (42,251) (42,382) (42,175) (42,183) (42,300) (42,87) (42,343) (42,308)
 (43,236) (43,351) (43,189) (43,387) (43,294) (43,159)
 (44,279) (44,391)
 (45,256) (45,273) (45,223) (45,266) (45,332) (45,92) (45,166)
 (46,185) (46,273) (46,53) (46,113) (46,262)
 (47,49) (47,169)
 (48,170) (48,142) (48,135) (48,56) (48,171)
 (49,144) (49,169) (49,283) (49,245)
 (50,103) (50,354) (50,306) (50,280)
 (51,112) (51,396) (51,114) (51,393)
 (52,177) (52,99) (52,198) (52,187) (52,106) (52,391)
 (53,273) (53,96) (53,113) (53,177) (53,266)
 (54,346) (54,278) (54,105) (54,290) (54,282) (54,93) (54,75)
 (55,87) (55,157) (55,285) (55,140) (55,156)
 (56,210) (56,371) (56,135) (56,142)
 (57,272) (57,95) (57,379) (57,115)
 (58,265) (58,175) (58,308) (58,95)
 (59,288) (59,329)
 (60,206) (60,145) (60,161) (60,97) (60,263) (60,293)
 (61,171) (61,178) (61,329) (61,320) (61,186)
 (62,98) (62,233) (62,166) (62,237) (62,165) (62,116)
 (63,164) (63,69) (63,284) (63,162) (63,336) (63,91)
 (64,258) (64,187)
 (65,377) (65,213) (65,249) (65,168)
 (66,244) (66,195) (66,108) (66,377) (66,174) (66,216)
 (67,339) (67,338) (67,221)
 (68,229) (68,330) (68,371) (68,216) (68,108)
 (69,336) (69,91) (69,86) (69,400) (69,231)
 (70,228) (70,155) (70,131) (70,257) (70,365) (70,78) (70,348)
 (71,285) (71,87)
 (72,130) (72,163) (72,208) (72,181)
 (73,227) (73,124) (73,301) (73,143) (73,139) (73,224) (73,214) (73,395) (73,181)
 (74,158) (74,325) (74,153) (74,277)
 (75,281) (75,101) (75,162) (75,105) (75,282)
 (76,312) (76,126) (76,400) (76,107) (76,250) (76,184)
 (77,109) (77,233) (77,148)
 (78,319) (78,141) (78,155) (78,356) (78,358) (78,257) (78,234) (78,123)
 (79,151) (79,242) (79,334) (79,299)
 (80,125) (80,327) (80,160) (80,387) (80,278)
 (81,368) (81,186) (81,337) (81,118) (81,320) (81,129)
 (82,332) (82,203) (82,191) (82,260)
 (83,149) (83,134) (83,347) (83,263) (83,355) (83,333)
 (84,120) (84,357) (84,212) (84,230) (84,258)
 (85,241) (85,257) (85,261) (85,152) (85,141) (85,322) (85,286) (85,313)
 (86,180) (86,400) (86,91)
 (87,343) (87,157) (87,285)
 (88,232) (88,277) (88,176) (88,167) (88,359) (88,315)
 (89,196) (89,367) (89,349) (89,246) (89,144) (89,389) (89,283)
 (90,133) (90,136) (90,193)
 (91,331) (91,164)
 (92,307) (92,202) (92,256) (92,182) (92,273)
 (93,324) (93,314) (93,290) (93,328) (93,160)
 (94,397) (94,322) (94,303) (94,188) (94,141) (94,358) (94,380)
 (95,147) (95,157) (95,115) (95,308) (95,379)
 (96,266) (96,128) (96,192) (96,241) (96,177) (96,261)
 (97,143) (97,139) (97,161) (97,145)
 (98,345) (98,166) (98,291) (98,223) (98,116)
 (99,113) (99,102) (99,187) (99,177)
 (100,215) (100,115) (100,117) (100,207) (100,140) (100,363)
 (101,362) (101,187) (101,281) (101,102) (101,385)
 (102,187) (102,385) (102,113)
 (103,280)
 (104,218) (104,118)
 (105,354) (105,162) (105,290)
 (106,111) (106,370) (106,120) (106,187) (106,310) (106,391) (106,246)
 (107,302) (107,110) (107,250) (107,312)
 (108,244) (108,330) (108,216)
 (109,220) (109,189)
 (110,275) (110,302) (110,378) (110,250)
 (111,310) (111,274) (111,120) (111,357)
 (112,268) (112,393) (112,361) (112,324) (112,297) (112,114) (112,305)
 (113,185) (113,177) (113,385)
 (114,275) (114,302) (114,324)
 (115,272) (115,200) (115,215) (115,363) (115,157)
 (116,217) (116,291) (116,247) (116,237)
 (117,335) (117,207) (117,363) (117,190) (117,220)
 (118,320) (118,337) (118,218)
 (119,160) (119,328) (119,294) (119,305) (119,387)
 (120,357)
 (121,232) (121,315) (121,134) (121,277) (121,325) (121,146)
 (122,131) (122,399) (122,344) (122,238) (122,317)
 (123,397) (123,179) (123,234) (123,358) (123,188)
 (124,181) (124,259) (124,151)
 (125,209) (125,327) (125,387)
 (126,252) (126,312) (126,243) (126,184)
 (127,269) (127,296) (127,196) (127,245) (127,132) (127,389)
 (128,198) (128,177) (128,261) (128,286)
 (129,321) (129,368) (129,309) (129,186)
 (130,260) (130,191) (130,223) (130,163)
 (131,238) (131,257) (131,317) (131,348) (131,326) (131,350)
 (132,296) (132,248) (132,364) (132,325) (132,356)
 (133,370) (133,136) (133,193) (133,349)
 (134,315) (134,353) (134,146) (134,355) (134,347)
 (135,170) (135,201) (135,190) (135,371)
 (136,204) (136,370) (136,391) (136,380) (136,193) (136,303)
 (137,329) (137,265) (137,316) (137,340) (137,171) (137,175)
 (138,384) (138,311) (138,239) (138,225) (138,342) (138,289) (138,295)
 (139,145) (139,224) (139,143)
 (140,215) (140,207) (140,189) (140,285) (140,156)
 (141,358) (141,322) (141,257)
 (142,210) (142,178) (142,171)
 (143,161)
 (144,169) (144,367) (144,283)
 (145,318) (145,224) (145,293)
 (146,199) (146,242) (146,347)
 (147,308) (147,157) (147,251)
 (148,262) (148,351) (148,307) (148,165)
 (149,333)
 (150,238) (150,399) (150,257) (150,398)
 (151,299)
 (152,241) (152,398) (152,257)
 (153,359) (153,277)
 (154,390) (154,247)
 (155,319) (155,348)
 (156,215) (156,200) (156,157)
 (157,200) (157,251) (157,343)
 (158,350) (158,325)
 (159,327) (159,351) (159,236) (159,262) (159,209)
 (160,387) (160,328)
 (161,263)
 (162,164) (162,284) (162,354) (162,331)
 (163,172) (163,223) (163,291) (163,372) (163,208)
 (164,331)
 (165,202) (165,182) (165,307) (165,166)
 (166,256) (166,223) (166,202)
 (167,341) (167,315) (167,176) (167,376) (167,353) (167,386)
 (168,366) (168,298) (168,299) (168,213) (168,249)
 (169,367) (169,375)
 (170,190) (170,363)
 (171,178) (171,329)
 (172,372) (172,221) (172,291) (172,247)
 (173,301) (173,214) (173,289) (173,224)
 (174,377) (174,255) (174,309) (174,216) (174,321) (174,334)
 (175,308) (175,265) (175,183) (175,316)
 (176,386)
 (177,198)
 (178,186) (178,210)
 (179,264) (179,234) (179,188) (179,248)
 (180,400) (180,280)
 (181,214) (181,208) (181,259)
 (182,307) (182,202)
 (183,361) (183,393) (183,243) (183,396) (183,300)
 (184,243) (184,400)
 (185,267) (185,271) (185,385)
 (186,320) (186,210)
 (187,258)
 (188,397) (188,264) (188,303) (188,364)
 (189,220) (189,207)
 (190,335) (190,363) (190,369) (190,229) (190,201)
 (191,203) (191,239) (191,219) (191,260)
 (192,266) (192,241)
 (193,349) (193,296) (193,204) (193,269) (193,389)
 (194,350) (194,319) (194,211) (194,325) (194,348)
 (195,249) (195,377)
 (196,283) (196,389) (196,245)
 (197,352) (197,294) (197,382)
 (198,286) (198,391) (198,380)
 (199,242) (199,347)
 (200,215)
 (201,229) (201,371)
 (202,256)
 (203,374) (203,332) (203,219)
 (204,276) (204,296) (204,303)
 (205,314) (205,378) (205,324)
 (206,263)
 (207,220)
 (208,259) (208,372)
 (209,236) (209,387) (209,327)

 (211,356) (211,325)
 (212,258) (212,336) (212,231) (212,381) (212,230)
 (213,226) (213,366) (213,377) (213,334) (213,299)
 (214,289) (214,301)

 (216,371) (216,321)
 (217,247)
 (218,320) (218,316)
 (219,304) (219,239)
 (220,335)
 (221,247) (221,338)
 (222,225) (222,317) (222,388) (222,344)
 (223,345) (223,291) (223,260) (223,332)
 (224,318) (224,301) (224,289) (224,342)
 (225,311) (225,239) (225,326) (225,317) (225,388)
 (226,334)
 (227,395)
 (228,365)
 (229,371) (229,237) (229,369) (229,292) (229,330) (229,247)
 (230,381) (230,357) (230,274)
 (231,381) (231,336) (231,400)
 (232,315) (232,277)
 (233,369) (233,335) (233,237)
 (234,356) (234,248)
 (235,332) (235,398) (235,399) (235,374)
 (236,387)
 (237,292) (237,247) (237,369)
 (238,257) (238,399)
 (239,388) (239,304) (239,344)
 (240,392) (240,396) (240,243)
 (241,261)
 (242,347) (242,333)
 (243,252) (243,396) (243,392)
 (244,330)
 (245,283)
 (246,367) (246,375) (246,349) (246,310) (246,370)
 (247,390) (247,330) (247,291)
 (248,264) (248,356) (248,364)
 (249,338) (249,298) (249,377)
 (250,400) (250,378) (250,254)
 (251,343) (251,308)
 (252,392)
 (253,287) (253,384) (253,311) (253,376) (253,295)

 (255,309) (255,334)

 (257,398)

 (259,339) (259,338) (259,372)
 (260,332)
 (261,286)
 (262,351) (262,273) (262,307)
 (263,355) (263,293)
 (264,364)

 (266,273)
 (267,271) (267,282) (267,385) (267,346)
 (268,297)
 (269,296) (269,389)
 (270,364) (270,276) (270,303)
 (271,346) (271,327) (271,278)
 (272,363) (272,379)
 (273,307)
 (274,310) (274,357) (274,375)
 (275,302) (275,324) (275,378)
 (276,303)
 (277,359) (277,325)
 (278,346) (278,327)
 (279,391)
 (280,306) (280,400)
 (281,385) (281,282)
 (282,385) (282,346)

 (284,336) (284,362)

 (286,313) (286,380)
 (287,342) (287,376) (287,318) (287,384) (287,293)
 (288,329)
 (289,342)
 (290,314) (290,306)
 (291,345)
 (292,369)
 (293,355) (293,318) (293,376)
 (294,360) (294,305) (294,387) (294,352)
 (295,384) (295,311)

 (297,300) (297,394) (297,305) (297,361)
 (298,299) (298,338)
 (299,366) (299,334)
 (300,323) (300,382) (300,361)


 (303,364) (303,380)
 (304,399) (304,344) (304,374)
 (305,360) (305,328) (305,394) (305,324)
 (306,378) (306,314) (306,400)


 (309,321) (309,368)
 (310,375)
 (311,386) (311,326) (311,376)

 (313,322) (313,380)
 (314,378) (314,324)
 (315,353)
 (316,340) (316,329) (316,320)
 (317,326)
 (318,342)
 (319,348)
 (320,329)

 (322,380)
 (323,352) (323,382) (323,394)
 (324,328) (324,378)
 (325,350) (325,356)
 (326,350) (326,386)


 (329,340)

 (331,354)
 (332,374)
 (333,347)
 (334,377)
 (335,369)
 (336,362)
 (337,368)
 (338,339)


 (341,355) (341,376) (341,353)
 (342,384)

 (344,388) (344,399)



 (348,350)
 (349,389) (349,370)


 (352,382) (352,394) (352,360)
 (353,355)

 (355,376)


 (358,397)

 (360,394)
 (361,393)





 (367,375)


 (370,391)


 (373,383) (373,398)
 (374,399)

 (376,386)

 (378,400)

 (380,391)


 (383,398)








 (392,396)
 (393,396)




 (398,399)


;

end;
