# n400plap3i3.txt

# 67 cluster
param p := 67 ;

# 400 vertici
set V := 
 1 2 3 4 5 6 7 8 9 10 11 12 13 14 15 16 17 18 19 20 21 22 23 24 25 26 27 28 29 30 31 32 33 34 35 36 37 38 39 40 41 42 43 44 45 46 47 48 49 50 51 52 53 54 55 56 57 58 59 60 61 62 63 64 65 66 67 68 69 70 71 72 73 74 75 76 77 78 79 80 81 82 83 84 85 86 87 88 89 90 91 92 93 94 95 96 97 98 99 100 101 102 103 104 105 106 107 108 109 110 111 112 113 114 115 116 117 118 119 120 121 122 123 124 125 126 127 128 129 130 131 132 133 134 135 136 137 138 139 140 141 142 143 144 145 146 147 148 149 150 151 152 153 154 155 156 157 158 159 160 161 162 163 164 165 166 167 168 169 170 171 172 173 174 175 176 177 178 179 180 181 182 183 184 185 186 187 188 189 190 191 192 193 194 195 196 197 198 199 200 201 202 203 204 205 206 207 208 209 210 211 212 213 214 215 216 217 218 219 220 221 222 223 224 225 226 227 228 229 230 231 232 233 234 235 236 237 238 239 240 241 242 243 244 245 246 247 248 249 250 251 252 253 254 255 256 257 258 259 260 261 262 263 264 265 266 267 268 269 270 271 272 273 274 275 276 277 278 279 280 281 282 283 284 285 286 287 288 289 290 291 292 293 294 295 296 297 298 299 300 301 302 303 304 305 306 307 308 309 310 311 312 313 314 315 316 317 318 319 320 321 322 323 324 325 326 327 328 329 330 331 332 333 334 335 336 337 338 339 340 341 342 343 344 345 346 347 348 349 350 351 352 353 354 355 356 357 358 359 360 361 362 363 364 365 366 367 368 369 370 371 372 373 374 375 376 377 378 379 380 381 382 383 384 385 386 387 388 389 390 391 392 393 394 395 396 397 398 399 400
;

param w := 
  1    1
  2    1
  3    2
  4    2
  5    2
  6    3
  7    6
  8    7
  9   12
 10   13
 11   14
 12   14
 13   14
 14   15
 15   17
 16   18
 17   18
 18   20
 19   21
 20   21
 21   23
 22   24
 23   24
 24   25
 25   25
 26   26
 27   26
 28   27
 29   27
 30   28
 31   29
 32   30
 33   34
 34   35
 35   39
 36   39
 37   43
 38   44
 39   45
 40   48
 41   50
 42   50
 43   50
 44   51
 45   51
 46   52
 47   53
 48   53
 49   53
 50   55
 51   59
 52   60
 53   61
 54   63
 55   63
 56   63
 57   65
 58   65
 59   65
 60   66
 61   69
 62   70
 63   70
 64   71
 65   71
 66   76
 67   76
 68   76
 69   79
 70   79
 71   81
 72   82
 73   85
 74   86
 75   86
 76   87
 77   88
 78   88
 79   88
 80   89
 81   89
 82   90
 83   91
 84   91
 85   92
 86   93
 87   95
 88   95
 89   95
 90   95
 91   96
 92   96
 93   98
 94   98
 95   98
 96   99
 97   99
 98  100
 99  100
100  101
101  102
102  103
103  103
104  104
105  104
106  104
107  109
108  110
109  110
110  111
111  112
112  113
113  113
114  114
115  115
116  115
117  115
118  116
119  117
120  118
121  119
122  122
123  123
124  123
125  123
126  125
127  125
128  126
129  126
130  127
131  131
132  131
133  132
134  132
135  133
136  133
137  134
138  136
139  136
140  138
141  139
142  141
143  142
144  142
145  143
146  144
147  144
148  144
149  144
150  145
151  146
152  147
153  149
154  150
155  150
156  152
157  152
158  155
159  156
160  156
161  157
162  158
163  159
164  162
165  162
166  162
167  164
168  164
169  168
170  168
171  168
172  169
173  169
174  169
175  169
176  170
177  172
178  173
179  175
180  176
181  178
182  178
183  178
184  178
185  181
186  181
187  183
188  184
189  187
190  187
191  188
192  189
193  192
194  192
195  194
196  194
197  195
198  195
199  196
200  197
201  197
202  197
203  198
204  200
205  200
206  202
207  202
208  203
209  205
210  206
211  207
212  207
213  208
214  208
215  209
216  210
217  214
218  216
219  218
220  218
221  218
222  220
223  221
224  222
225  226
226  226
227  228
228  230
229  230
230  232
231  234
232  234
233  236
234  237
235  237
236  240
237  241
238  243
239  243
240  244
241  244
242  245
243  245
244  246
245  249
246  250
247  250
248  252
249  253
250  253
251  254
252  254
253  254
254  255
255  256
256  257
257  258
258  259
259  259
260  260
261  260
262  260
263  261
264  262
265  262
266  265
267  268
268  270
269  270
270  271
271  272
272  274
273  274
274  275
275  275
276  276
277  276
278  277
279  277
280  277
281  278
282  278
283  279
284  279
285  282
286  283
287  283
288  283
289  284
290  289
291  291
292  292
293  292
294  293
295  293
296  294
297  294
298  296
299  296
300  299
301  300
302  301
303  301
304  302
305  302
306  304
307  304
308  305
309  305
310  307
311  307
312  310
313  311
314  312
315  312
316  313
317  313
318  315
319  315
320  316
321  316
322  317
323  317
324  318
325  319
326  322
327  322
328  324
329  324
330  325
331  326
332  328
333  329
334  331
335  333
336  333
337  335
338  335
339  337
340  339
341  339
342  339
343  341
344  344
345  345
346  345
347  345
348  346
349  349
350  349
351  350
352  350
353  351
354  351
355  353
356  353
357  353
358  355
359  355
360  357
361  358
362  359
363  360
364  360
365  360
366  361
367  361
368  363
369  363
370  363
371  363
372  367
373  367
374  368
375  369
376  370
377  370
378  370
379  373
380  376
381  377
382  378
383  378
384  381
385  382
386  383
387  384
388  384
389  389
390  390
391  390
392  390
393  392
394  393
395  393
396  394
397  395
398  397
399  399
400  399
;

# 2274 lati
set E := 
 (1,38) (1,143) (1,109) (1,298) (1,292)
 (2,62) (2,67) (2,168) (2,205) (2,318)
 (3,169) (3,361) (3,215) (3,65) (3,52) (3,301)
 (4,346) (4,220) (4,323) (4,199) (4,280) (4,82)
 (5,148) (5,149) (5,353) (5,57) (5,47)
 (6,344) (6,71) (6,316) (6,272) (6,133) (6,103)
 (7,131) (7,306)
 (8,324) (8,160) (8,382) (8,234) (8,281)
 (9,354) (9,289) (9,13) (9,138)
 (10,75) (10,67) (10,65) (10,134) (10,52) (10,193) (10,116) (10,318)
 (11,135) (11,74) (11,384) (11,216) (11,272)
 (12,227) (12,189) (12,314)
 (13,138) (13,240) (13,354)
 (14,166) (14,32) (14,366) (14,218) (14,183) (14,142) (14,226) (14,387)
 (15,17) (15,266) (15,245) (15,44) (15,295) (15,271)
 (16,103) (16,224) (16,242) (16,360) (16,132)
 (17,295) (17,284) (17,266) (17,60)
 (18,282) (18,125) (18,337) (18,102) (18,188) (18,56) (18,376)
 (19,168) (19,170) (19,62) (19,277) (19,110)
 (20,51) (20,145)
 (21,355) (21,197) (21,194) (21,110) (21,207) (21,277) (21,391)
 (22,361) (22,312) (22,53) (22,310) (22,256) (22,52) (22,124) (22,169)
 (23,42) (23,126) (23,324) (23,357) (23,281)
 (24,54) (24,178) (24,313)
 (25,270) (25,398) (25,180) (25,217)
 (26,162) (26,209) (26,262) (26,163) (26,211) (26,59) (26,89)
 (27,154) (27,297) (27,398) (27,76) (27,180)
 (28,87) (28,91) (28,90) (28,95) (28,147) (28,260)
 (29,129) (29,45) (29,114) (29,379) (29,128) (29,81) (29,323)
 (30,48) (30,172) (30,371) (30,87) (30,369) (30,301)
 (31,90) (31,72) (31,185) (31,95)
 (32,97) (32,287) (32,50) (32,257) (32,387) (32,226)
 (33,83) (33,337) (33,106) (33,390)
 (34,113) (34,245)
 (35,84) (35,348) (35,340) (35,365) (35,279)
 (36,221) (36,153) (36,125) (36,102) (36,118) (36,186) (36,216) (36,384)
 (37,229) (37,119) (37,322) (37,46) (37,312) (37,333)
 (38,298) (38,240) (38,109)
 (39,220) (39,171) (39,82) (39,332) (39,232)
 (40,296) (40,45)
 (41,246) (41,298) (41,240) (41,138) (41,222)
 (42,234) (42,126) (42,63) (42,324)
 (43,338) (43,148) (43,106) (43,236) (43,146) (43,47)
 (44,271) (44,295) (44,305) (44,372) (44,241)
 (45,330) (45,296) (45,81) (45,157) (45,92) (45,267) (45,128)
 (46,333) (46,322) (46,339)
 (47,338) (47,326) (47,177) (47,236) (47,149) (47,148)
 (48,371) (48,369) (48,122)
 (49,66) (49,116) (49,197) (49,343) (49,355) (49,134)
 (50,97) (50,309) (50,287) (50,105) (50,158) (50,257)
 (51,145)
 (52,256) (52,361) (52,193) (52,65)
 (53,308) (53,301) (53,333) (53,96) (53,371) (53,312) (53,169)
 (54,313) (54,94) (54,381) (54,190) (54,178) (54,345) (54,302)
 (55,150) (55,250) (55,328) (55,400) (55,265) (55,395)
 (56,273) (56,144) (56,377) (56,188) (56,282)
 (57,353) (57,122) (57,369) (57,148) (57,285)
 (58,291) (58,264) (58,223) (58,123)
 (59,162) (59,204) (59,211) (59,219) (59,343) (59,66) (59,192) (59,89)
 (60,141) (60,284) (60,184) (60,359) (60,266) (60,245)
 (61,161) (61,181) (61,304) (61,101) (61,275)
 (62,168) (62,67) (62,277)
 (63,69) (63,108) (63,121) (63,126) (63,127) (63,64) (63,234)
 (64,121) (64,99) (64,108) (64,394) (64,70)
 (65,187) (65,165) (65,392) (65,215) (65,134)
 (66,343) (66,355) (66,204) (66,391)
 (67,277) (67,116) (67,318)
 (68,183) (68,166) (68,208)
 (69,108) (69,275) (69,99) (69,127)
 (70,305) (70,137) (70,121) (70,212) (70,394) (70,271)
 (71,133) (71,103) (71,386) (71,354)
 (72,327) (72,185) (72,279) (72,90) (72,349) (72,365) (72,260)
 (73,347) (73,340) (73,399) (73,326) (73,236) (73,177)
 (74,186) (74,351) (74,251) (74,384) (74,316) (74,272)
 (75,318) (75,383) (75,193)
 (76,397) (76,238) (76,154) (76,213) (76,286) (76,180)
 (77,268) (77,341) (77,167) (77,94) (77,300)
 (78,118) (78,311) (78,186) (78,171) (78,235) (78,375) (78,119) (78,251)
 (79,367) (79,310)
 (80,373) (80,274) (80,242) (80,354) (80,103)
 (81,330) (81,310) (81,379) (81,312) (81,368)
 (82,346) (82,375) (82,323) (82,220) (82,171)
 (83,230) (83,337) (83,106) (83,146)
 (84,340) (84,145) (84,348) (84,400) (84,250)
 (85,115) (85,255)
 (86,302) (86,143) (86,174) (86,292) (86,334)
 (87,95) (87,91) (87,202) (87,185) (87,369) (87,172)
 (88,366) (88,395) (88,328)
 (89,192) (89,331) (89,262)
 (90,95) (90,260)
 (91,147) (91,239) (91,307) (91,202) (91,200)
 (92,358) (92,263) (92,330) (92,267) (92,182) (92,293) (92,93)
 (93,164) (93,152) (93,205) (93,263) (93,358)
 (94,380) (94,268) (94,334) (94,178) (94,300) (94,345) (94,341)
 (95,185)
 (96,308) (96,169) (96,301)
 (97,287)
 (98,374) (98,244)
 (99,108) (99,275) (99,394)
 (100,332) (100,139) (100,173)
 (101,111) (101,372) (101,304) (101,394) (101,275)
 (102,175) (102,258) (102,352) (102,390) (102,117) (102,385) (102,337) (102,125) (102,118)
 (103,224) (103,316) (103,242) (103,354) (103,173)
 (104,252) (104,344) (104,188) (104,273) (104,133)
 (105,309) (105,356) (105,269) (105,283) (105,176) (105,158)
 (106,285) (106,146) (106,148) (106,363) (106,390)
 (107,112) (107,368) (107,318) (107,124) (107,358) (107,205)

 (109,362) (109,240) (109,292) (109,276)
 (110,156) (110,320) (110,170) (110,167) (110,277) (110,207)
 (111,241) (111,372) (111,394)
 (112,124) (112,383) (112,318)
 (113,245)
 (114,379) (114,375) (114,323)
 (115,255)
 (116,134) (116,277) (116,197)
 (117,363) (117,175) (117,385)
 (118,311) (118,175) (118,186)
 (119,311) (119,235) (119,229) (119,363) (119,285) (119,322)
 (120,218) (120,259) (120,198) (120,254)
 (121,137) (121,248) (121,234)
 (122,333) (122,371) (122,285) (122,369)
 (123,264) (123,159) (123,291) (123,257) (123,335) (123,278)
 (124,256) (124,310) (124,368) (124,383)
 (125,153) (125,389) (125,188)
 (126,127) (126,357) (126,261)
 (127,275) (127,203) (127,237) (127,261)
 (128,129) (128,199) (128,157)
 (129,323) (129,199)
 (130,329) (130,168) (130,225) (130,170) (130,152) (130,288) (130,205)
 (131,306)
 (132,396) (132,242) (132,280) (132,360)
 (133,252) (133,273) (133,386) (133,344)
 (134,219) (134,165) (134,343)
 (135,384) (135,221) (135,216)
 (136,149) (136,151) (136,185) (136,327)
 (137,212) (137,248) (137,253)
 (138,289) (138,240) (138,222)
 (139,220) (139,360) (139,332) (139,173)
 (140,179) (140,246) (140,228) (140,381) (140,143) (140,294) (140,222)
 (141,184) (141,359)
 (142,218) (142,217) (142,306) (142,226)
 (143,381) (143,292) (143,302) (143,298) (143,246)
 (144,386) (144,273) (144,377)
 (145,336) (145,340) (145,399) (145,325) (145,400)
 (146,155) (146,386) (146,236) (146,230) (146,377)
 (147,260) (147,200)
 (148,285)
 (149,177) (149,353) (149,185) (149,151)
 (150,400)
 (151,177) (151,365) (151,327) (151,347)
 (152,288) (152,205) (152,164) (152,329)
 (153,389) (153,216)
 (154,397) (154,342) (154,297)
 (155,230) (155,377) (155,337) (155,376)
 (156,320) (156,167) (156,214)
 (157,267) (157,199)
 (158,278) (158,264) (158,283) (158,257)
 (159,335) (159,291) (159,261) (159,357)
 (160,248) (160,234) (160,382) (160,212) (160,253) (160,393)
 (161,201) (161,388) (161,178) (161,364) (161,181)
 (162,211)
 (163,209) (163,382) (163,211) (163,393)
 (164,263) (164,329) (164,225) (164,182) (164,206)
 (165,219) (165,187)
 (166,387) (166,183) (166,208)
 (167,341) (167,350) (167,300) (167,214) (167,170)
 (168,205) (168,170)
 (169,301) (169,361)
 (170,350) (170,225)
 (171,251) (171,375) (171,232)
 (172,202) (172,317) (172,303) (172,301) (172,321)
 (173,360) (173,332) (173,224) (173,232) (173,316)
 (174,350) (174,225) (174,206) (174,292) (174,227) (174,276) (174,334)
 (175,311) (175,363)
 (176,283) (176,299) (176,319) (176,269) (176,223)
 (177,347) (177,326)
 (178,300) (178,313) (178,388) (178,364)
 (179,231) (179,222) (179,228)
 (180,270) (180,238) (180,356) (180,398)
 (181,284) (181,201) (181,295) (181,184) (181,304)
 (182,263) (182,206) (182,293)
 (183,249) (183,328) (183,208) (183,366)
 (184,300) (184,388) (184,201) (184,359) (184,214) (184,284)
 (185,327) (185,353) (185,369)
 (186,384) (186,251)
 (187,219) (187,392) (187,213)
 (188,370) (188,273) (188,389) (188,247) (188,255) (188,344)
 (189,314) (189,240) (189,274) (189,276) (189,227) (189,373) (189,354)
 (190,381) (190,313) (190,364)
 (191,262) (191,357) (191,291) (191,281) (191,209) (191,299)
 (192,244) (192,219) (192,286) (192,319) (192,331)
 (193,383) (193,256)
 (194,391) (194,196) (194,245) (194,207)
 (195,242) (195,290) (195,274)
 (196,271) (196,245) (196,212) (196,391) (196,204)
 (197,355) (197,277)
 (198,259) (198,200) (198,378) (198,254) (198,306)
 (199,323) (199,267) (199,280)
 (200,378) (200,306) (200,239) (200,297) (200,260)
 (201,388)
 (202,307) (202,303)
 (203,237)
 (204,393) (204,211) (204,212) (204,391)
 (205,318) (205,358)
 (206,293) (206,227) (206,225)
 (207,214) (207,320) (207,245) (207,359)
 (208,249) (208,387) (208,399)
 (209,262) (209,281) (209,382)
 (210,250) (210,279) (210,349) (210,315) (210,348)
 (211,393)
 (212,253) (212,271) (212,393)
 (213,397) (213,219) (213,392) (213,286)
 (214,359) (214,320) (214,300)
 (215,301) (215,303) (215,392) (215,342)
 (216,389) (216,221) (216,272)
 (217,226) (217,398) (217,270) (217,306)
 (218,366) (218,259) (218,254) (218,306)
 (219,244) (219,286) (219,343)
 (220,332) (220,280) (220,360)
 (221,384)
 (222,289) (222,246) (222,228)
 (223,283) (223,264) (223,299) (223,291)
 (224,360)
 (225,329) (225,350)
 (226,287) (226,309) (226,270)
 (227,293) (227,276) (227,314)
 (228,231) (228,294) (228,364)
 (229,235) (229,379) (229,312)
 (230,337)

 (232,332) (232,351) (232,316) (232,251)
 (233,243) (233,350)
 (234,324) (234,248)
 (235,375) (235,379)
 (236,338) (236,326)

 (238,286) (238,319) (238,269) (238,356)
 (239,297) (239,307)
 (240,298) (240,276) (240,354)
 (241,394) (241,305) (241,372)
 (242,290) (242,280) (242,274)
 (243,350)
 (244,286) (244,374)
 (245,266) (245,359) (245,271)
 (246,298)
 (247,370)
 (248,253)
 (249,325) (249,399) (249,328)
 (250,315) (250,348) (250,395) (250,400)
 (251,351)
 (252,344)

 (254,378) (254,315) (254,366) (254,395) (254,349)
 (255,272) (255,344) (255,389)
 (256,383)
 (257,278) (257,387) (257,335)
 (258,352)
 (259,306)
 (260,378) (260,349)
 (261,357) (261,335)
 (262,299) (262,331)

 (264,283) (264,278)
 (265,336) (265,325) (265,328) (265,400)

 (267,280) (267,293) (267,314) (267,290)
 (268,300)
 (269,356) (269,319)
 (270,309) (270,356)
 (271,305)
 (272,389) (272,344) (272,316)
 (273,386)
 (274,290) (274,314) (274,373)
 (275,394)
 (276,292)


 (279,348) (279,349) (279,365)
 (280,396) (280,360) (280,290)
 (281,382) (281,324) (281,357)
 (282,376) (282,377)

 (284,295)
 (285,339) (285,363) (285,322) (285,333)
 (286,319)
 (287,309)
 (288,329)

 (290,314)
 (291,357) (291,299)
 (292,362)
 (293,314)
 (294,381) (294,364)
 (295,304) (295,372)

 (297,307) (297,398) (297,306) (297,342)

 (299,331) (299,319)
 (300,388)
 (301,371) (301,308) (301,303)
 (302,345) (302,381) (302,334)
 (303,307) (303,342)
 (304,372)
 (305,394)
 (306,398)
 (307,342)

 (309,356)
 (310,368) (310,312) (310,367)
 (311,363)
 (312,333) (312,379)
 (313,364)

 (315,349) (315,395)
 (316,351)
 (317,321)
 (318,383)
 (319,331)


 (322,339)
 (323,346) (323,375)

 (325,328) (325,336) (325,399)

 (327,365)
 (328,366) (328,395)

 (330,358) (330,368)


 (333,339) (333,371)
 (334,380) (334,345) (334,341) (334,350)

 (336,400)
 (337,376) (337,390)


 (340,365) (340,399) (340,347)
 (341,350)
 (342,392) (342,397)


 (345,380)

 (347,365)

 (349,378)



 (353,369)
 (354,373)
 (355,391)


 (358,368)

 (360,396)


 (363,390) (363,385)
 (364,381)

 (366,395)








 (375,379)
 (376,377)
 (377,386)




 (382,393)


 (385,390)






 (392,397)








;

end;
