# n500plap2i4.txt

# 22 cluster
param p := 22 ;

# 500 vertici
set V := 
 1 2 3 4 5 6 7 8 9 10 11 12 13 14 15 16 17 18 19 20 21 22 23 24 25 26 27 28 29 30 31 32 33 34 35 36 37 38 39 40 41 42 43 44 45 46 47 48 49 50 51 52 53 54 55 56 57 58 59 60 61 62 63 64 65 66 67 68 69 70 71 72 73 74 75 76 77 78 79 80 81 82 83 84 85 86 87 88 89 90 91 92 93 94 95 96 97 98 99 100 101 102 103 104 105 106 107 108 109 110 111 112 113 114 115 116 117 118 119 120 121 122 123 124 125 126 127 128 129 130 131 132 133 134 135 136 137 138 139 140 141 142 143 144 145 146 147 148 149 150 151 152 153 154 155 156 157 158 159 160 161 162 163 164 165 166 167 168 169 170 171 172 173 174 175 176 177 178 179 180 181 182 183 184 185 186 187 188 189 190 191 192 193 194 195 196 197 198 199 200 201 202 203 204 205 206 207 208 209 210 211 212 213 214 215 216 217 218 219 220 221 222 223 224 225 226 227 228 229 230 231 232 233 234 235 236 237 238 239 240 241 242 243 244 245 246 247 248 249 250 251 252 253 254 255 256 257 258 259 260 261 262 263 264 265 266 267 268 269 270 271 272 273 274 275 276 277 278 279 280 281 282 283 284 285 286 287 288 289 290 291 292 293 294 295 296 297 298 299 300 301 302 303 304 305 306 307 308 309 310 311 312 313 314 315 316 317 318 319 320 321 322 323 324 325 326 327 328 329 330 331 332 333 334 335 336 337 338 339 340 341 342 343 344 345 346 347 348 349 350 351 352 353 354 355 356 357 358 359 360 361 362 363 364 365 366 367 368 369 370 371 372 373 374 375 376 377 378 379 380 381 382 383 384 385 386 387 388 389 390 391 392 393 394 395 396 397 398 399 400 401 402 403 404 405 406 407 408 409 410 411 412 413 414 415 416 417 418 419 420 421 422 423 424 425 426 427 428 429 430 431 432 433 434 435 436 437 438 439 440 441 442 443 444 445 446 447 448 449 450 451 452 453 454 455 456 457 458 459 460 461 462 463 464 465 466 467 468 469 470 471 472 473 474 475 476 477 478 479 480 481 482 483 484 485 486 487 488 489 490 491 492 493 494 495 496 497 498 499 500
;

param w := 
  1    2
  2    2
  3    5
  4    7
  5    8
  6    9
  7   11
  8   13
  9   14
 10   14
 11   14
 12   14
 13   14
 14   15
 15   16
 16   16
 17   16
 18   17
 19   21
 20   22
 21   22
 22   22
 23   25
 24   25
 25   25
 26   26
 27   27
 28   27
 29   28
 30   28
 31   32
 32   32
 33   32
 34   32
 35   33
 36   33
 37   35
 38   36
 39   36
 40   41
 41   42
 42   45
 43   45
 44   45
 45   46
 46   47
 47   47
 48   49
 49   49
 50   50
 51   51
 52   51
 53   52
 54   54
 55   56
 56   58
 57   58
 58   59
 59   59
 60   61
 61   61
 62   61
 63   61
 64   62
 65   62
 66   65
 67   65
 68   66
 69   67
 70   70
 71   70
 72   70
 73   71
 74   71
 75   71
 76   73
 77   74
 78   75
 79   76
 80   77
 81   78
 82   78
 83   79
 84   80
 85   81
 86   81
 87   81
 88   83
 89   87
 90   87
 91   87
 92   88
 93   88
 94   88
 95   89
 96   90
 97   90
 98   90
 99   90
100   94
101   95
102   95
103   96
104   97
105   99
106  100
107  100
108  101
109  103
110  103
111  103
112  103
113  104
114  106
115  108
116  109
117  111
118  112
119  115
120  115
121  116
122  117
123  118
124  118
125  119
126  120
127  121
128  121
129  124
130  124
131  124
132  124
133  126
134  127
135  127
136  129
137  130
138  131
139  131
140  133
141  134
142  134
143  136
144  136
145  137
146  139
147  140
148  140
149  140
150  141
151  142
152  142
153  142
154  142
155  144
156  144
157  145
158  145
159  146
160  146
161  147
162  147
163  149
164  149
165  152
166  153
167  154
168  155
169  156
170  156
171  157
172  158
173  158
174  158
175  158
176  159
177  159
178  163
179  164
180  165
181  165
182  165
183  169
184  170
185  171
186  174
187  174
188  175
189  176
190  177
191  177
192  178
193  178
194  178
195  179
196  184
197  184
198  184
199  186
200  187
201  187
202  189
203  190
204  190
205  191
206  191
207  192
208  192
209  193
210  193
211  194
212  194
213  194
214  195
215  195
216  198
217  199
218  199
219  200
220  201
221  202
222  202
223  202
224  204
225  204
226  206
227  208
228  209
229  209
230  211
231  211
232  212
233  214
234  215
235  218
236  219
237  221
238  221
239  222
240  222
241  225
242  228
243  232
244  232
245  233
246  234
247  235
248  236
249  237
250  237
251  238
252  239
253  241
254  242
255  242
256  244
257  245
258  245
259  246
260  246
261  247
262  248
263  252
264  252
265  254
266  254
267  254
268  255
269  256
270  258
271  259
272  259
273  260
274  260
275  260
276  261
277  264
278  264
279  265
280  266
281  266
282  267
283  267
284  267
285  268
286  268
287  268
288  268
289  269
290  271
291  271
292  277
293  278
294  279
295  280
296  283
297  283
298  284
299  286
300  287
301  288
302  288
303  289
304  293
305  293
306  295
307  296
308  296
309  297
310  297
311  301
312  301
313  302
314  302
315  303
316  303
317  309
318  309
319  310
320  311
321  311
322  313
323  313
324  313
325  314
326  318
327  318
328  318
329  318
330  318
331  319
332  322
333  322
334  323
335  324
336  325
337  325
338  325
339  326
340  326
341  328
342  329
343  330
344  330
345  331
346  334
347  334
348  337
349  339
350  343
351  343
352  343
353  343
354  346
355  347
356  348
357  348
358  348
359  349
360  351
361  351
362  355
363  357
364  358
365  358
366  361
367  362
368  362
369  362
370  363
371  364
372  365
373  366
374  366
375  366
376  367
377  367
378  368
379  368
380  368
381  369
382  370
383  371
384  371
385  372
386  373
387  373
388  374
389  374
390  375
391  377
392  378
393  380
394  381
395  382
396  383
397  383
398  384
399  385
400  385
401  386
402  386
403  387
404  389
405  389
406  389
407  390
408  392
409  393
410  393
411  394
412  395
413  397
414  399
415  400
416  402
417  406
418  407
419  408
420  409
421  410
422  413
423  413
424  417
425  417
426  417
427  417
428  420
429  422
430  423
431  423
432  425
433  426
434  426
435  429
436  430
437  434
438  435
439  436
440  437
441  440
442  440
443  442
444  442
445  444
446  445
447  446
448  446
449  449
450  449
451  450
452  451
453  451
454  451
455  452
456  455
457  456
458  456
459  457
460  457
461  459
462  460
463  460
464  460
465  461
466  462
467  464
468  465
469  465
470  465
471  466
472  467
473  467
474  468
475  470
476  471
477  471
478  471
479  472
480  474
481  475
482  475
483  475
484  475
485  475
486  476
487  477
488  480
489  481
490  481
491  486
492  486
493  486
494  488
495  488
496  489
497  490
498  490
499  492
500  494
;

# 2876 lati
set E := 
 (1,37) (1,411) (1,55) (1,456) (1,3) (1,188)
 (2,339) (2,412) (2,226) (2,171) (2,163) (2,115) (2,207)
 (3,55) (3,431) (3,411) (3,343) (3,153) (3,147)
 (4,21) (4,456) (4,213) (4,156) (4,80) (4,218)
 (5,482) (5,356) (5,453) (5,202) (5,467)
 (6,377) (6,391) (6,283) (6,305) (6,58) (6,207) (6,380) (6,44)
 (7,437) (7,374) (7,439) (7,325) (7,336) (7,465) (7,65)
 (8,264) (8,9) (8,477) (8,260) (8,237) (8,413) (8,184) (8,288)
 (9,179) (9,426) (9,477) (9,246) (9,306) (9,413)
 (10,229) (10,149) (10,117) (10,49) (10,64) (10,495)
 (11,211) (11,373) (11,265) (11,269) (11,450) (11,232) (11,102)
 (12,90) (12,410) (12,275) (12,194) (12,133) (12,22) (12,497)
 (13,387) (13,23) (13,97) (13,20)
 (14,329) (14,493) (14,436) (14,44) (14,18) (14,32) (14,442)
 (15,295) (15,303) (15,108) (15,131) (15,420) (15,116)
 (16,466) (16,173) (16,40) (16,487) (16,198) (16,57) (16,127)
 (17,409) (17,206) (17,399) (17,134) (17,473) (17,216) (17,183)
 (18,214) (18,245) (18,442) (18,32) (18,279) (18,189)
 (19,67) (19,491) (19,111) (19,307) (19,337)
 (20,387) (20,423) (20,23) (20,216) (20,464) (20,198) (20,127)
 (21,454) (21,456) (21,213) (21,76)
 (22,257) (22,228) (22,333) (22,289) (22,410) (22,145) (22,497)
 (23,359) (23,97) (23,127) (23,447) (23,499)
 (24,486) (24,467) (24,291) (24,453) (24,444) (24,360)
 (25,301) (25,379) (25,86) (25,223) (25,87) (25,117) (25,479) (25,287)
 (26,312) (26,84) (26,320) (26,160)
 (27,62) (27,56) (27,399) (27,190) (27,455) (27,197)
 (28,178) (28,30) (28,372) (28,304) (28,378) (28,384)
 (29,166) (29,56) (29,197) (29,284) (29,69) (29,397) (29,72)
 (30,122) (30,178) (30,304)
 (31,386) (31,325)
 (32,214) (32,329) (32,279) (32,281)
 (33,59) (33,316)
 (34,327) (34,319) (34,160) (34,84)
 (35,444) (35,92) (35,453) (35,486) (35,105)
 (36,75) (36,371) (36,343) (36,492) (36,141)
 (37,252) (37,488) (37,188) (37,80) (37,456)
 (38,194) (38,94)
 (39,108) (39,100) (39,220) (39,77) (39,295) (39,328)
 (40,57) (40,173)
 (41,445) (41,273) (41,334) (41,48) (41,340) (41,407)
 (42,176) (42,58) (42,391) (42,207)
 (43,332) (43,192) (43,51) (43,261) (43,378) (43,46) (43,383) (43,65) (43,357) (43,398)
 (44,436) (44,109) (44,452) (44,442) (44,58) (44,305)
 (45,164) (45,298) (45,353) (45,306) (45,143) (45,48)
 (46,192) (46,398) (46,130) (46,237)
 (47,88) (47,238) (47,184) (47,430) (47,130) (47,308)
 (48,401) (48,334) (48,340) (48,342) (48,480) (48,353) (48,298)
 (49,299) (49,203) (49,229) (49,239) (49,64)
 (50,364) (50,474) (50,63) (50,162) (50,107) (50,231) (50,169)
 (51,121) (51,372) (51,395) (51,383) (51,378)
 (52,350) (52,330) (52,459) (52,338) (52,404) (52,347) (52,498) (52,406)
 (53,72) (53,249) (53,156) (53,218)
 (54,250) (54,471) (54,404) (54,196) (54,484)
 (55,390) (55,153) (55,188)
 (56,166) (56,397) (56,137) (56,197) (56,249) (56,455)
 (57,234) (57,341) (57,173) (57,487) (57,77)
 (58,391) (58,176) (58,452)
 (59,316)
 (60,104) (60,242) (60,405) (60,204) (60,163)
 (61,459) (61,421) (61,382) (61,406) (61,241) (61,481)
 (62,455) (62,399)
 (63,443) (63,169) (63,389) (63,191) (63,364) (63,500) (63,255) (63,217)
 (64,149) (64,299) (64,250) (64,138) (64,484)
 (65,357) (65,236) (65,192) (65,465) (65,439)
 (66,353) (66,413) (66,480) (66,288) (66,313)
 (67,461) (67,362) (67,491) (67,147) (67,157) (67,354) (67,219) (67,337) (67,376)
 (68,188) (68,488) (68,252) (68,276) (68,292) (68,150) (68,209) (68,390)
 (69,230) (69,133) (69,284) (69,410) (69,186)
 (70,186) (70,94) (70,275) (70,183) (70,83) (70,194)
 (71,447) (71,296) (71,251) (71,363)
 (72,397) (72,213) (72,249) (72,218)
 (73,145) (73,257) (73,494) (73,185)
 (74,267) (74,498)
 (75,343) (75,141)
 (76,454) (76,460) (76,213) (76,128)
 (77,199) (77,140) (77,487) (77,234) (77,328) (77,100)
 (78,407) (78,126) (78,451) (78,445) (78,444) (78,105) (78,291)
 (79,177) (79,409) (79,190) (79,183) (79,399) (79,83)
 (80,156) (80,488) (80,456) (80,352)
 (81,129) (81,416) (81,494) (81,241) (81,145) (81,333) (81,481)
 (82,489) (82,297) (82,112) (82,95) (82,490) (82,263)
 (83,190) (83,230) (83,284) (83,183) (83,186)
 (84,327) (84,312) (84,160)
 (85,200) (85,310) (85,384) (85,378) (85,151)
 (86,168) (86,142) (86,87) (86,301) (86,355) (86,375)
 (87,379) (87,375) (87,110) (87,396) (87,225)
 (88,192) (88,130) (88,430)
 (89,415) (89,148) (89,291) (89,360) (89,474)
 (90,133) (90,275)
 (91,226) (91,232) (91,102) (91,104) (91,171)
 (92,478) (92,420) (92,221) (92,105) (92,451) (92,266) (92,253) (92,453)
 (93,465) (93,430) (93,243) (93,374)
 (94,462) (94,282) (94,194) (94,183)
 (95,263) (95,270) (95,490) (95,498) (95,326) (95,294) (95,286)
 (96,394) (96,270) (96,427) (96,99)
 (97,447) (97,187) (97,387)
 (98,438) (98,373) (98,312) (98,265) (98,136)
 (99,427) (99,270) (99,101) (99,485)
 (100,140) (100,295) (100,124) (100,116)
 (101,113) (101,485) (101,154) (101,270) (101,256) (101,320)
 (102,428) (102,232) (102,373) (102,136) (102,104)
 (103,395) (103,125) (103,457) (103,278)
 (104,405) (104,204) (104,226) (104,428)
 (105,444) (105,451)
 (106,146) (106,157) (106,370) (106,461)
 (107,316) (107,291) (107,324) (107,162) (107,474)
 (108,131) (108,370) (108,295) (108,419) (108,220)
 (109,305) (109,442)
 (110,185) (110,497) (110,225) (110,396)
 (111,266) (111,491) (111,307)
 (112,490) (112,489) (112,393) (112,302) (112,196) (112,299) (112,203)
 (113,256) (113,154) (113,311)
 (114,241) (114,416)
 (115,283) (115,308) (115,174) (115,339) (115,207)
 (116,295) (116,221) (116,420) (116,124)
 (117,149) (117,287) (117,495) (117,223)
 (118,383) (118,332) (118,434) (118,398) (118,237) (118,477)
 (119,260) (119,161) (119,144) (119,262) (119,264) (119,313) (119,162)
 (120,423) (120,387) (120,216) (120,142) (120,429) (120,187) (120,134)
 (121,378) (121,372)
 (122,304) (122,348) (122,417) (122,293) (122,178)
 (123,461) (123,424) (123,419) (123,366) (123,219)
 (124,140) (124,414) (124,199) (124,221) (124,298)
 (125,278) (125,470) (125,372) (125,426) (125,395)
 (126,324) (126,167) (126,291) (126,407)
 (127,198) (127,173) (127,341) (127,499)
 (128,392) (128,454) (128,456) (128,227) (128,460)
 (129,333) (129,289) (129,416)
 (130,192) (130,237) (130,184)
 (131,458) (131,370) (131,303) (131,381)
 (132,495) (132,479) (132,274) (132,287)
 (133,410) (133,275) (133,186)
 (134,368) (134,216) (134,282) (134,429) (134,183)
 (135,165) (135,261) (135,236) (135,385) (135,272) (135,357)
 (136,285) (136,438) (136,373) (136,428)
 (137,249) (137,352) (137,473) (137,455) (137,292)
 (138,277) (138,351) (138,471) (138,223) (138,149) (138,250)
 (139,240) (139,382) (139,330) (139,170) (139,459)
 (140,199)
 (141,492) (141,153) (141,343)
 (142,355) (142,375) (142,181) (142,429) (142,422) (142,187)
 (143,414) (143,234) (143,164) (143,298)
 (144,472) (144,262) (144,331) (144,162) (144,300) (144,231)
 (145,494) (145,257) (145,333)
 (146,381) (146,370) (146,303) (146,157) (146,458)
 (147,431) (147,219) (147,317) (147,343) (147,376)
 (148,474) (148,415) (148,467)
 (149,223)
 (150,153) (150,390) (150,209) (150,492)
 (151,297) (151,369) (151,200) (151,489) (151,239) (151,248) (151,310)
 (152,175) (152,318) (152,483) (152,281) (152,191) (152,329) (152,452) (152,389)
 (153,492) (153,343) (153,390)
 (154,160) (154,386) (154,311) (154,320)
 (155,165) (155,236) (155,336) (155,272) (155,439)
 (156,352) (156,218) (156,249)
 (157,491) (157,303) (157,266) (157,461)
 (158,309) (158,433) (158,376) (158,208) (158,468) (158,469) (158,500)
 (159,269) (159,171) (159,412) (159,232) (159,280) (159,319)
 (160,319) (160,386) (160,320)
 (161,167) (161,340) (161,313) (161,162)
 (162,316) (162,231) (162,167)
 (163,405) (163,226) (163,207) (163,242) (163,176)
 (164,425) (164,306) (164,323) (164,234)
 (165,272) (165,236)
 (166,397)
 (167,407) (167,324) (167,316) (167,340)
 (168,301) (168,355)
 (169,500) (169,474)
 (170,240) (170,421) (170,382)
 (171,412) (171,226) (171,232)
 (172,210) (172,463) (172,205) (172,227) (172,317) (172,290)
 (173,341)
 (174,339) (174,243) (174,308) (174,430)
 (175,483) (175,389)
 (176,207) (176,242)
 (177,399)
 (178,417) (178,384)
 (179,246) (179,278) (179,477)
 (180,212) (180,449)
 (181,268) (181,355) (181,496) (181,479) (181,422) (181,301)
 (182,225) (182,375) (182,429) (182,282)
 (183,409) (183,282)
 (184,233) (184,432) (184,237) (184,238) (184,262) (184,260)
 (185,257) (185,396) (185,494) (185,497) (185,321)
 (186,230) (186,275)
 (187,422) (187,251) (187,447) (187,387)
 (188,252) (188,390)
 (189,245) (189,418) (189,442) (189,380)
 (190,284) (190,197) (190,399)
 (191,314) (191,472) (191,389) (191,231) (191,281) (191,300) (191,217)
 (192,430) (192,465)
 (193,449) (193,254) (193,244) (193,446) (193,476)
 (194,462) (194,225) (194,497) (194,275) (194,282)
 (195,470) (195,426) (195,335) (195,349) (195,388)
 (196,302) (196,484) (196,299) (196,344) (196,404) (196,475)
 (197,284)
 (198,464) (198,358) (198,466)
 (199,234) (199,414)
 (200,417) (200,293) (200,384) (200,239)
 (201,482) (201,254) (201,253) (201,202) (201,476) (201,356)
 (202,482) (202,253) (202,453)
 (203,239) (203,299) (203,489)
 (204,242) (204,428) (204,438) (204,285)
 (205,365) (205,227) (205,463)
 (206,367) (206,464) (206,216) (206,292) (206,473) (206,358)
 (207,391) (207,283)
 (208,258) (208,309) (208,446) (208,376)
 (209,322) (209,276) (209,487) (209,492) (209,345) (209,466)
 (210,431) (210,317) (210,463)
 (211,269) (211,280) (211,450)
 (212,449)
 (213,218) (213,460)
 (214,279)
 (215,433) (215,255) (215,468) (215,469)
 (216,408) (216,423) (216,464) (216,367)
 (217,443) (217,314)

 (219,371) (219,419) (219,361) (219,343) (219,492) (219,461)
 (220,328) (220,361) (220,345) (220,419)
 (221,420) (221,298) (221,451)
 (222,448) (222,262)
 (223,277) (223,379) (223,396)
 (224,403) (224,433)
 (225,282) (225,375) (225,497)
 (226,405)
 (227,290) (227,460) (227,392) (227,365)
 (228,333) (228,289)
 (229,495) (229,239) (229,293) (229,274)
 (230,284)
 (231,443) (231,314) (231,472) (231,364)
 (232,269)
 (233,238) (233,245) (233,432) (233,418)
 (234,341) (234,414) (234,323)
 (235,441) (235,397)
 (236,439) (236,357)
 (237,398) (237,477)
 (238,418) (238,308)
 (239,293) (239,489)
 (240,330) (240,498)
 (241,481) (241,416) (241,421)

 (243,374) (243,339) (243,412) (243,430)
 (244,446) (244,309) (244,254)
 (245,432) (245,279) (245,418)
 (246,426) (246,278)
 (247,271) (247,296) (247,341) (247,323) (247,359)
 (248,256) (248,369) (248,310) (248,346) (248,263) (248,326) (248,485)
 (249,352) (249,397)
 (250,484) (250,471)
 (251,422) (251,363) (251,268) (251,447) (251,349) (251,315)
 (252,488)
 (253,400) (253,476) (253,453) (253,478)
 (254,309) (254,356) (254,476)
 (255,483) (255,452) (255,500) (255,389) (255,468) (255,433)
 (256,385) (256,311) (256,346) (256,485)
 (257,497)
 (258,446) (258,376) (258,449)
 (259,273) (259,451) (259,334) (259,445)
 (260,262) (260,264)
 (261,310) (261,357) (261,378) (261,385)
 (262,432) (262,448) (262,331)
 (263,326) (263,297) (263,369)
 (264,313) (264,288)
 (265,450) (265,327) (265,373) (265,312)
 (266,307) (266,303) (266,491) (266,478) (266,420)
 (267,498)
 (268,274) (268,422) (268,315) (268,496)
 (269,280)
 (270,320) (270,326) (270,394)
 (271,359) (271,499) (271,341)
 (272,385) (272,311) (272,336)
 (273,334) (273,445)
 (274,496) (274,479) (274,495) (274,315) (274,293) (274,348)

 (276,358) (276,466) (276,292)
 (277,396) (277,351)
 (278,477) (278,426) (278,457)
 (279,281) (279,432) (279,331)
 (280,319) (280,450) (280,327)
 (281,331) (281,329) (281,300)
 (282,462) (282,429)
 (283,377) (283,308) (283,380)

 (285,428) (285,438)
 (286,344) (286,294) (286,498)
 (287,495) (287,479)
 (288,313) (288,413)
 (289,410) (289,333)
 (290,460) (290,317)
 (291,360) (291,324) (291,474) (291,444)
 (292,352) (292,488) (292,358) (292,473)
 (293,348) (293,417)
 (294,490) (294,393) (294,344)

 (296,323) (296,388) (296,363) (296,447) (296,359)
 (297,369) (297,489)
 (298,414) (298,334) (298,451)
 (299,484)
 (300,331) (300,472)
 (301,479) (301,355)
 (302,393) (302,475)
 (303,458) (303,420)
 (304,348) (304,372) (304,349) (304,470) (304,315)
 (305,380) (305,442)
 (306,353) (306,425) (306,388) (306,413) (306,426)
 (307,478) (307,337)
 (308,380) (308,418) (308,430)
 (309,356) (309,446) (309,500)
 (310,346) (310,378) (310,385)
 (311,336) (311,386) (311,437) (311,385)
 (312,327)
 (313,480) (313,340)
 (314,443)
 (315,349) (315,348)
 (316,324)
 (317,431)
 (318,493) (318,329) (318,452)
 (319,386) (319,327) (319,374) (319,412) (319,325)

 (321,396) (321,494) (321,471) (321,440) (321,351)
 (322,487) (322,328) (322,345)
 (323,425) (323,341) (323,388)

 (325,437) (325,374) (325,386)
 (326,394) (326,485)
 (327,450)
 (328,487) (328,345)
 (329,493)
 (330,498) (330,459)
 (331,432)
 (332,398) (332,383)

 (334,451)
 (335,363) (335,388) (335,349)
 (336,437) (336,439)
 (337,362) (337,478)
 (338,350) (338,440) (338,347) (338,406)
 (339,412)
 (340,480) (340,407)
 (341,499)
 (342,401)
 (343,371)
 (344,475) (344,404) (344,498) (344,393)
 (345,361) (345,492)
 (346,385)
 (347,350) (347,404) (347,440)

 (349,470) (349,363)

 (351,471) (351,396)
 (352,488)
 (353,413) (353,480)
 (354,449) (354,362) (354,435) (354,376)

 (356,500) (356,467) (356,474) (356,482)

 (358,464) (358,466)
 (359,499) (359,447)
 (360,415) (360,467)
 (361,492) (361,419)
 (362,400) (362,478) (362,476) (362,435)
 (363,388)
 (364,443)
 (365,411) (365,463) (365,392)
 (366,424) (366,419) (366,370)
 (367,408) (367,464)
 (368,429)

 (370,424) (370,419) (370,381) (370,461)
 (371,492)
 (372,395) (372,378) (372,470)

 (374,465) (374,412)
 (375,429)
 (376,449)
 (377,380)
 (378,384)
 (379,396)
 (380,418) (380,442)
 (381,458)
 (382,459) (382,421)
 (383,457) (383,395) (383,434)
 (384,417)

 (386,437)
 (387,423)
 (388,425) (388,426)
 (389,483)


 (392,411) (392,456)
 (393,475) (393,490)
 (394,485) (394,427)
 (395,457)

 (397,441)

 (399,473) (399,455) (399,409)
 (400,476) (400,478)

 (402,481) (402,406) (402,440)
 (403,433)
 (404,471) (404,440) (404,498)

 (406,440) (406,481) (406,459)
 (407,445)



 (411,463) (411,456) (411,431)



 (415,467)








 (424,461)

 (426,470)
 (427,485)


 (430,465)
 (431,463)

 (433,469) (433,500)
 (434,477) (434,457)
 (435,476) (435,449)
 (436,493) (436,452)



 (440,494) (440,471) (440,481)



 (444,486)
 (445,451)
 (446,449)


 (449,476)


 (452,483) (452,468) (452,493)
 (453,486) (453,467)
 (454,456)
 (455,473)

 (457,477)








 (466,487)
 (467,474)
 (468,469)





 (474,500)




 (479,496)

 (481,494)



















;

end;
