# n500plap3i1.txt

# 80 cluster
param p := 80 ;

# 500 vertici
set V := 
 1 2 3 4 5 6 7 8 9 10 11 12 13 14 15 16 17 18 19 20 21 22 23 24 25 26 27 28 29 30 31 32 33 34 35 36 37 38 39 40 41 42 43 44 45 46 47 48 49 50 51 52 53 54 55 56 57 58 59 60 61 62 63 64 65 66 67 68 69 70 71 72 73 74 75 76 77 78 79 80 81 82 83 84 85 86 87 88 89 90 91 92 93 94 95 96 97 98 99 100 101 102 103 104 105 106 107 108 109 110 111 112 113 114 115 116 117 118 119 120 121 122 123 124 125 126 127 128 129 130 131 132 133 134 135 136 137 138 139 140 141 142 143 144 145 146 147 148 149 150 151 152 153 154 155 156 157 158 159 160 161 162 163 164 165 166 167 168 169 170 171 172 173 174 175 176 177 178 179 180 181 182 183 184 185 186 187 188 189 190 191 192 193 194 195 196 197 198 199 200 201 202 203 204 205 206 207 208 209 210 211 212 213 214 215 216 217 218 219 220 221 222 223 224 225 226 227 228 229 230 231 232 233 234 235 236 237 238 239 240 241 242 243 244 245 246 247 248 249 250 251 252 253 254 255 256 257 258 259 260 261 262 263 264 265 266 267 268 269 270 271 272 273 274 275 276 277 278 279 280 281 282 283 284 285 286 287 288 289 290 291 292 293 294 295 296 297 298 299 300 301 302 303 304 305 306 307 308 309 310 311 312 313 314 315 316 317 318 319 320 321 322 323 324 325 326 327 328 329 330 331 332 333 334 335 336 337 338 339 340 341 342 343 344 345 346 347 348 349 350 351 352 353 354 355 356 357 358 359 360 361 362 363 364 365 366 367 368 369 370 371 372 373 374 375 376 377 378 379 380 381 382 383 384 385 386 387 388 389 390 391 392 393 394 395 396 397 398 399 400 401 402 403 404 405 406 407 408 409 410 411 412 413 414 415 416 417 418 419 420 421 422 423 424 425 426 427 428 429 430 431 432 433 434 435 436 437 438 439 440 441 442 443 444 445 446 447 448 449 450 451 452 453 454 455 456 457 458 459 460 461 462 463 464 465 466 467 468 469 470 471 472 473 474 475 476 477 478 479 480 481 482 483 484 485 486 487 488 489 490 491 492 493 494 495 496 497 498 499 500
;

param w := 
  1    2
  2    4
  3    4
  4    7
  5    7
  6    7
  7    9
  8   12
  9   12
 10   12
 11   12
 12   13
 13   13
 14   15
 15   15
 16   16
 17   16
 18   17
 19   18
 20   18
 21   19
 22   20
 23   20
 24   21
 25   22
 26   22
 27   22
 28   23
 29   24
 30   26
 31   28
 32   30
 33   30
 34   31
 35   32
 36   32
 37   33
 38   33
 39   35
 40   36
 41   37
 42   39
 43   42
 44   42
 45   43
 46   45
 47   45
 48   48
 49   49
 50   49
 51   50
 52   50
 53   50
 54   52
 55   53
 56   55
 57   56
 58   56
 59   58
 60   59
 61   61
 62   61
 63   62
 64   62
 65   62
 66   64
 67   64
 68   65
 69   65
 70   65
 71   67
 72   67
 73   67
 74   70
 75   70
 76   70
 77   71
 78   71
 79   72
 80   74
 81   75
 82   76
 83   78
 84   78
 85   78
 86   80
 87   81
 88   81
 89   82
 90   82
 91   83
 92   83
 93   86
 94   86
 95   86
 96   87
 97   88
 98   90
 99   91
100   91
101   92
102   92
103   92
104   93
105   93
106   94
107   94
108   96
109   96
110   96
111   97
112   98
113   98
114   98
115   98
116  105
117  105
118  106
119  106
120  110
121  111
122  112
123  113
124  114
125  114
126  117
127  117
128  117
129  118
130  119
131  119
132  119
133  121
134  122
135  122
136  123
137  126
138  126
139  129
140  129
141  129
142  132
143  132
144  133
145  134
146  136
147  136
148  137
149  138
150  138
151  138
152  140
153  140
154  141
155  142
156  143
157  144
158  144
159  145
160  145
161  146
162  149
163  150
164  152
165  152
166  154
167  154
168  154
169  156
170  156
171  158
172  159
173  160
174  161
175  162
176  162
177  162
178  164
179  164
180  166
181  166
182  169
183  170
184  172
185  172
186  173
187  173
188  173
189  173
190  173
191  176
192  176
193  176
194  177
195  178
196  179
197  180
198  180
199  184
200  184
201  184
202  187
203  188
204  189
205  190
206  190
207  191
208  192
209  192
210  192
211  192
212  192
213  195
214  198
215  199
216  200
217  201
218  204
219  205
220  205
221  206
222  207
223  208
224  209
225  211
226  212
227  212
228  216
229  217
230  217
231  220
232  221
233  222
234  222
235  225
236  227
237  227
238  229
239  229
240  232
241  235
242  236
243  237
244  237
245  241
246  242
247  242
248  243
249  244
250  244
251  245
252  247
253  251
254  252
255  253
256  254
257  254
258  255
259  255
260  255
261  255
262  256
263  257
264  258
265  258
266  258
267  258
268  258
269  259
270  263
271  263
272  264
273  267
274  268
275  270
276  270
277  272
278  272
279  272
280  274
281  275
282  276
283  277
284  280
285  282
286  283
287  283
288  284
289  285
290  285
291  285
292  285
293  285
294  286
295  287
296  288
297  288
298  288
299  289
300  289
301  290
302  291
303  293
304  293
305  293
306  294
307  294
308  295
309  296
310  296
311  296
312  297
313  298
314  298
315  299
316  300
317  301
318  303
319  306
320  308
321  311
322  313
323  314
324  315
325  316
326  317
327  317
328  320
329  321
330  321
331  321
332  322
333  322
334  324
335  325
336  326
337  326
338  328
339  328
340  329
341  330
342  330
343  330
344  331
345  331
346  332
347  332
348  337
349  337
350  339
351  340
352  341
353  342
354  343
355  343
356  344
357  344
358  344
359  345
360  345
361  346
362  346
363  346
364  348
365  349
366  349
367  350
368  351
369  352
370  352
371  353
372  356
373  357
374  360
375  362
376  362
377  363
378  364
379  365
380  366
381  368
382  368
383  368
384  368
385  369
386  370
387  371
388  371
389  372
390  373
391  377
392  377
393  377
394  378
395  378
396  379
397  382
398  384
399  385
400  390
401  390
402  391
403  392
404  392
405  393
406  393
407  395
408  397
409  397
410  397
411  397
412  398
413  399
414  400
415  400
416  400
417  402
418  402
419  403
420  404
421  404
422  405
423  406
424  406
425  407
426  409
427  410
428  410
429  410
430  411
431  411
432  411
433  412
434  414
435  414
436  414
437  417
438  421
439  422
440  423
441  424
442  426
443  428
444  432
445  433
446  434
447  434
448  435
449  436
450  436
451  438
452  439
453  439
454  439
455  441
456  442
457  442
458  446
459  449
460  449
461  453
462  453
463  453
464  454
465  458
466  459
467  459
468  462
469  464
470  464
471  465
472  465
473  466
474  466
475  467
476  467
477  468
478  472
479  473
480  473
481  477
482  478
483  479
484  480
485  481
486  483
487  483
488  486
489  487
490  487
491  490
492  490
493  490
494  490
495  490
496  491
497  491
498  493
499  495
500  497
;

# 2884 lati
set E := 
 (1,200) (1,285) (1,478) (1,427)
 (2,59) (2,453) (2,413) (2,266) (2,12) (2,261)
 (3,188) (3,450) (3,296) (3,335) (3,493) (3,396)
 (4,87) (4,272) (4,457) (4,273) (4,372) (4,325) (4,300)
 (5,290) (5,271)
 (6,338) (6,60) (6,390) (6,423)
 (7,267) (7,417) (7,232) (7,494) (7,194) (7,246)
 (8,475) (8,487) (8,114) (8,63) (8,73) (8,321)
 (9,22) (9,448) (9,34) (9,249)
 (10,88) (10,456) (10,334) (10,36) (10,131) (10,483) (10,348) (10,97)
 (11,137) (11,412) (11,325) (11,464) (11,201)
 (12,317) (12,261) (12,210) (12,413)
 (13,241) (13,169) (13,128) (13,287) (13,392) (13,496) (13,103)
 (14,115) (14,43) (14,495) (14,484) (14,222) (14,239)
 (15,478) (15,171) (15,200) (15,209) (15,285) (15,16)
 (16,264) (16,300) (16,135) (16,200) (16,171)
 (17,113) (17,370) (17,328) (17,254)
 (18,155) (18,179) (18,78) (18,195) (18,130) (18,312) (18,172)
 (19,181) (19,236) (19,79) (19,379) (19,286) (19,479) (19,112)
 (20,476) (20,257) (20,447) (20,21) (20,382) (20,88) (20,353)
 (21,348) (21,456) (21,88) (21,257) (21,271)
 (22,34) (22,251) (22,448) (22,323)
 (23,371) (23,251) (23,164) (23,323) (23,61) (23,429) (23,67)
 (24,71) (24,204) (24,500) (24,233) (24,366) (24,468) (24,391) (24,270)
 (25,378) (25,395) (25,291) (25,408)
 (26,463) (26,240) (26,374) (26,219) (26,322) (26,278)
 (27,192) (27,98)
 (28,77) (28,333) (28,464) (28,247) (28,252) (28,469)
 (29,306) (29,213) (29,61) (29,320)
 (30,309) (30,208)
 (31,96) (31,361) (31,126) (31,161)
 (32,283) (32,151) (32,414) (32,218) (32,386) (32,373) (32,406)
 (33,68) (33,434)
 (34,250) (34,251) (34,249) (34,111)
 (35,345) (35,38) (35,116) (35,119) (35,220) (35,298) (35,287) (35,145)
 (36,88) (36,131) (36,326) (36,83) (36,46)
 (37,152) (37,426) (37,159) (37,93) (37,338) (37,415) (37,294) (37,276)
 (38,145) (38,489) (38,345)
 (39,262) (39,215) (39,439) (39,167) (39,310) (39,195)
 (40,470) (40,386) (40,126) (40,304) (40,122)
 (41,83) (41,46) (41,364) (41,367)
 (42,430) (42,249) (42,317) (42,82) (42,261) (42,424) (42,486)
 (43,389) (43,104) (43,495) (43,484)
 (44,85) (44,442)
 (45,138) (45,431) (45,447) (45,383) (45,453) (45,59) (45,422) (45,307)
 (46,67) (46,83) (46,367) (46,371) (46,164) (46,326)
 (47,279) (47,318) (47,379) (47,376) (47,123)
 (48,196) (48,84) (48,148) (48,409) (48,499) (48,436) (48,93)
 (49,313) (49,488) (49,224) (49,81) (49,303) (49,277)
 (50,344) (50,201) (50,177) (50,451) (50,412) (50,418) (50,427)
 (51,434) (51,395) (51,133) (51,63) (51,132) (51,64) (51,295) (51,449) (51,291)
 (52,363) (52,284) (52,298) (52,342) (52,234) (52,167) (52,387) (52,288)
 (53,339) (53,316) (53,381) (53,492) (53,229) (53,297)
 (54,193) (54,107) (54,346) (54,236)
 (55,56) (55,258) (55,401) (55,337) (55,292)
 (56,233) (56,258) (56,401) (56,318)
 (57,378) (57,109) (57,395) (57,495) (57,408) (57,106) (57,449)
 (58,436) (58,145) (58,409) (58,474)
 (59,431) (59,261) (59,453)
 (60,390) (60,489) (60,93) (60,338)
 (61,213) (61,429) (61,102) (61,323) (61,320) (61,293) (61,235)
 (62,240) (62,420) (62,75) (62,407) (62,374) (62,229) (62,492)
 (63,73) (63,151) (63,64) (63,295) (63,491) (63,114)
 (64,124) (64,491) (64,449)
 (65,199) (65,460) (65,273)
 (66,180) (66,101) (66,78) (66,125) (66,284)
 (67,173) (67,371) (67,367) (67,380) (67,429)
 (68,434)
 (69,289) (69,398) (69,446) (69,76) (69,499) (69,437)
 (70,140) (70,357) (70,162)
 (71,270) (71,468) (71,443)
 (72,237) (72,271) (72,420) (72,219) (72,432) (72,463) (72,496) (72,216)
 (73,136) (73,386) (73,321) (73,151)
 (74,484) (74,336) (74,186) (74,115) (74,239)
 (75,432) (75,420) (75,257) (75,407) (75,329) (75,353)
 (76,130) (76,460) (76,81) (76,398) (76,437)
 (77,347) (77,424) (77,181) (77,245) (77,252) (77,333) (77,206)
 (78,262) (78,130) (78,101) (78,195) (78,180) (78,490) (78,498)
 (79,314) (79,381) (79,479) (79,236)
 (80,176) (80,331) (80,385) (80,89)
 (81,313) (81,460) (81,303) (81,308) (81,398)
 (82,249) (82,183) (82,486)
 (83,334) (83,364) (83,131)
 (84,276) (84,93) (84,446) (84,433) (84,499)
 (85,442)
 (86,341) (86,189) (86,332) (86,311) (86,377) (86,425) (86,246)
 (87,457) (87,325) (87,247) (87,137)
 (88,326) (88,456) (88,382)
 (89,238) (89,385) (89,100) (89,208) (89,212) (89,176)
 (90,428) (90,388) (90,185) (90,98) (90,268) (90,396) (90,154) (90,360)
 (91,311) (91,144) (91,246) (91,229) (91,417) (91,341) (91,302)
 (92,442) (92,141) (92,158) (92,242) (92,354)
 (93,436) (93,276) (93,489) (93,338)
 (94,340) (94,356) (94,304) (94,165)
 (95,397) (95,155) (95,493) (95,172) (95,312)
 (96,161) (96,362) (96,361) (96,205)
 (97,435) (97,423) (97,197) (97,483) (97,348)
 (98,428) (98,360) (98,192) (98,450) (98,121)
 (99,485) (99,165) (99,120) (99,494) (99,356) (99,465) (99,163)
 (100,359) (100,176) (100,185) (100,242) (100,154) (100,212)
 (101,490) (101,363) (101,284) (101,375)
 (102,319) (102,403) (102,108) (102,301) (102,380) (102,429) (102,235)
 (103,241) (103,392) (103,219) (103,237)
 (104,484) (104,228) (104,336) (104,389) (104,467)
 (105,146) (105,461) (105,222) (105,401) (105,419)
 (106,282) (106,222) (106,495) (106,459) (106,109)
 (107,236) (107,193) (107,315) (107,112)
 (108,277) (108,488) (108,235) (108,403)
 (109,449) (109,263) (109,124) (109,282)
 (110,275) (110,394) (110,491) (110,282) (110,114)
 (111,250) (111,317) (111,249) (111,210)
 (112,206) (112,181) (112,178) (112,315) (112,477) (112,236)
 (113,231) (113,254) (113,370) (113,327)
 (114,394) (114,487) (114,491)
 (115,239) (115,484)
 (116,221) (116,387) (116,118) (116,119) (116,147) (116,298)
 (117,352) (117,162) (117,362) (117,149)
 (118,202) (118,442) (118,354) (118,299) (118,147) (118,221)
 (119,147) (119,287)
 (120,205) (120,441) (120,163) (120,161) (120,465) (120,470)
 (121,134) (121,195) (121,179) (121,360) (121,438) (121,129) (121,450)
 (122,454) (122,304) (122,386) (122,414)
 (123,286) (123,379) (123,177) (123,279)
 (124,449) (124,491) (124,275) (124,263)
 (125,180) (125,174) (125,284)
 (126,386) (126,161) (126,361) (126,470) (126,471)
 (127,458) (127,332) (127,468) (127,443) (127,253) (127,153)
 (128,197) (128,287) (128,423) (128,496) (128,390) (128,216) (128,220)
 (129,172) (129,450) (129,179) (129,493)
 (130,437) (130,498) (130,196)
 (131,334)
 (132,358) (132,218) (132,295) (132,434)
 (133,434) (133,160) (133,467) (133,291)
 (134,438) (134,360) (134,310)
 (135,300) (135,412) (135,325) (135,200)
 (136,321) (136,475) (136,386) (136,140) (136,471) (136,357)
 (137,464) (137,247) (137,469) (137,325)
 (138,346) (138,383) (138,193) (138,307)
 (139,158) (139,351) (139,442) (139,147) (139,191) (139,267) (139,190) (139,232)
 (140,142) (140,475) (140,357)
 (141,158) (141,331) (141,242) (141,176)
 (142,227) (142,400) (142,459) (142,475)
 (143,260) (143,225)
 (144,302) (144,417) (144,255)
 (145,298) (145,474) (145,436) (145,489)
 (146,401) (146,376) (146,497) (146,419)
 (147,287) (147,190) (147,442) (147,169)
 (148,498) (148,196) (148,409) (148,174)
 (149,327) (149,231) (149,362) (149,352) (149,217)
 (150,465) (150,485) (150,232)
 (151,373) (151,283) (151,295) (151,386)
 (152,393) (152,159) (152,294)
 (153,160) (153,253) (153,228) (153,468) (153,223) (153,467) (153,218)
 (154,157) (154,388) (154,242) (154,288) (154,185)
 (155,172) (155,312) (155,397)
 (156,440) (156,414) (156,458) (156,406)
 (157,388) (157,288)
 (158,191) (158,331) (158,442)
 (159,421) (159,301) (159,364) (159,426) (159,393) (159,256) (159,415)
 (160,467) (160,434) (160,218)
 (161,205) (161,470)
 (162,357) (162,362)
 (163,165) (163,470) (163,340)
 (164,371) (164,207) (164,326) (164,251)
 (165,340) (165,356)
 (166,422) (166,178) (166,347) (166,307) (166,315) (166,477)
 (167,234) (167,288) (167,310) (167,439) (167,360) (167,388)
 (168,368) (168,293) (168,306) (168,213) (168,448) (168,323)
 (169,190) (169,392) (169,351) (169,287)
 (170,416) (170,244) (170,328) (170,399)
 (171,264) (171,209)
 (172,179) (172,493)
 (173,429) (173,380) (173,319)
 (174,281) (174,498) (174,180) (174,409) (174,284) (174,342)
 (175,372) (175,350) (175,273) (175,183)
 (176,242) (176,331)
 (177,225) (177,286) (177,201) (177,451) (177,279) (177,333)
 (178,315) (178,477)
 (179,195)
 (180,498)
 (181,206) (181,286) (181,225) (181,333)
 (182,269) (182,254) (182,296) (182,188) (182,305)
 (183,273) (183,249) (183,448) (183,350) (183,486)
 (184,405) (184,490)
 (185,265) (185,359) (185,396) (185,466)
 (186,365) (186,274) (186,336) (186,239)
 (187,204) (187,292) (187,258) (187,233)
 (188,335) (188,296) (188,269)
 (189,404) (189,194) (189,458) (189,440) (189,332) (189,246)
 (190,351)
 (191,198) (191,331) (191,465) (191,232)

 (193,307) (193,315) (193,346)
 (194,404) (194,440) (194,494) (194,246)
 (195,215) (195,438) (195,310) (195,262)
 (196,499) (196,437) (196,498)
 (197,216) (197,423) (197,435)
 (198,331) (198,385) (198,441) (198,465)
 (199,273) (199,402) (199,306) (199,460) (199,308) (199,313)
 (200,478) (200,427) (200,412)
 (201,333) (201,464) (201,412)
 (202,299)
 (203,305) (203,296) (203,349)
 (204,343) (204,468) (204,233) (204,243) (204,292)
 (205,217) (205,362) (205,226) (205,441)
 (206,477) (206,245)
 (207,413) (207,210) (207,326) (207,250) (207,251) (207,382)
 (208,238) (208,309) (208,370) (208,384) (208,212) (208,226)
 (209,285) (209,264)
 (210,250) (210,317) (210,413)
 (211,324) (211,466) (211,335)
 (212,259) (212,214) (212,359) (212,244) (212,370) (212,480)
 (213,293) (213,306)
 (214,244) (214,328) (214,370)
 (215,310)
 (216,496) (216,435) (216,271)
 (217,452) (217,384) (217,362) (217,455) (217,226) (217,327)
 (218,253) (218,406) (218,434) (218,295) (218,283)
 (219,463) (219,278) (219,237) (219,392)
 (220,345) (220,287) (220,390)
 (221,354) (221,387) (221,242)
 (222,462) (222,285) (222,411) (222,419) (222,239) (222,495) (222,461)
 (223,228) (223,467)
 (224,303) (224,277) (224,421) (224,301)
 (225,286) (225,260) (225,333)
 (226,455) (226,238) (226,441) (226,384)
 (227,400) (227,487) (227,475) (227,394)
 (228,336) (228,468) (228,467) (228,280)
 (229,302) (229,240) (229,341) (229,339) (229,492)
 (230,446) (230,248)
 (231,352) (231,305) (231,254) (231,327)
 (232,494) (232,267) (232,465) (232,485)
 (233,479) (233,379) (233,366) (233,258) (233,318)
 (234,439) (234,363)
 (235,488) (235,402) (235,320)
 (236,410) (236,314) (236,346)
 (237,241) (237,496)
 (238,441) (238,385)
 (239,462) (239,274) (239,461)
 (240,302) (240,322) (240,374)
 (241,496)
 (242,354) (242,288) (242,387)
 (243,280) (243,365) (243,337) (243,343) (243,292)
 (244,399) (244,328) (244,480)
 (245,477) (245,347)
 (246,404) (246,311) (246,417)
 (247,469) (247,457) (247,481) (247,252)
 (248,294) (248,446) (248,276) (248,393)
 (249,448) (249,317)
 (250,251)
 (251,323)
 (252,424) (252,486) (252,481)
 (253,406) (253,458)
 (254,399) (254,328) (254,416) (254,269) (254,305)
 (255,267) (255,322) (255,392) (255,351) (255,417) (255,302)
 (256,415) (256,355) (256,334) (256,364) (256,483) (256,338)
 (257,329) (257,271) (257,353)
 (258,292)
 (259,480)

 (261,430) (261,445) (261,431) (261,317)
 (262,375) (262,439) (262,490)
 (263,275) (263,282)

 (265,324) (265,359) (265,466)
 (266,382) (266,453) (266,476) (266,413)
 (267,417) (267,351)
 (268,428) (268,482) (268,396)
 (269,335) (269,399) (269,324)
 (270,443) (270,500)
 (271,348) (271,432) (271,290) (271,435) (271,329)
 (272,481) (272,350) (272,457) (272,372)
 (273,300) (273,372) (273,306) (273,448)
 (274,337) (274,461) (274,365)
 (275,491) (275,282)
 (276,294) (276,446)
 (277,403) (277,301) (277,488)
 (278,322) (278,392)
 (279,376) (279,451) (279,472)
 (280,343) (280,336) (280,468) (280,365)
 (281,342) (281,474) (281,409)
 (282,400) (282,459) (282,394)
 (283,295)
 (284,363) (284,342)
 (285,411) (285,427) (285,478)
 (286,379)

 (288,388) (288,387)
 (289,433) (289,499) (289,330) (289,446)

 (291,467) (291,395) (291,408) (291,389)
 (292,337)
 (293,368) (293,323)
 (294,393)

 (296,305) (296,349) (296,493)
 (297,314) (297,492) (297,381) (297,410)
 (298,473) (298,342) (298,444) (298,474) (298,387)

 (300,325)
 (301,403) (301,364) (301,380) (301,421)
 (302,322)
 (303,421) (303,398)
 (304,340) (304,470) (304,356) (304,454)

 (306,320) (306,448) (306,402)
 (307,422) (307,315)
 (308,460) (308,313)

 (310,438) (310,360)
 (311,341)
 (312,397) (312,493) (312,349)
 (313,402) (313,488)
 (314,410) (314,381)

 (316,391) (316,381) (316,339) (316,366)

 (318,376) (318,401) (318,379)
 (319,380) (319,429)
 (320,402)
 (321,475)
 (322,392)
 (323,368) (323,448)
 (324,359) (324,335) (324,480) (324,466) (324,399)
 (325,412)
 (326,382)
 (327,452) (327,370)
 (328,416) (328,370)
 (329,432)
 (330,433) (330,446)
 (331,385)
 (332,443) (332,425) (332,500) (332,458)
 (333,464)
 (334,364) (334,355) (334,483)
 (335,466) (335,396)
 (336,484) (336,365)
 (337,461) (337,365) (337,401)
 (338,483) (338,415) (338,423)
 (339,377) (339,391) (339,341)
 (340,470)
 (341,377)
 (342,474)
 (343,468)
 (344,451) (344,418) (344,472)
 (345,390) (345,489)
 (346,410) (346,407) (346,383)
 (347,424) (347,422) (347,477) (347,445)
 (348,435) (348,456)
 (349,493)
 (350,486) (350,372) (350,481)
 (351,392)

 (353,447) (353,383) (353,407)
 (354,442)
 (355,483)
 (356,454) (356,494) (356,440)
 (357,362) (357,471)
 (358,434)
 (359,480)
 (360,388)
 (361,471) (361,362)
 (362,471)
 (363,375) (363,439)
 (364,367) (364,380)

 (366,391) (366,479) (366,381)
 (367,380)

 (369,419) (369,497) (369,472) (369,418) (369,411)
 (370,384) (370,452)


 (373,386)
 (374,420) (374,463)
 (375,490) (375,439)
 (376,497) (376,472) (376,401)
 (377,425) (377,391)
 (378,408) (378,395)
 (379,479)

 (381,479)
 (382,413) (382,476)
 (383,407) (383,447)
 (384,452) (384,455)
 (385,441)
 (386,471) (386,414)


 (389,495) (389,467) (389,408)
 (390,489) (390,423)
 (391,425) (391,500)

 (393,446) (393,421)
 (394,487) (394,400)
 (395,449)
 (396,482) (396,466) (396,450)

 (398,421) (398,446)
 (399,416) (399,480)
 (400,459)
 (401,461)
 (402,488)


 (405,490)
 (406,414) (406,458)
 (407,492) (407,410)
 (408,495)
 (409,474) (409,436)
 (410,492)
 (411,418) (411,419) (411,427)
 (412,427)

 (414,454) (414,440)
 (415,426)


 (418,427) (418,472)
 (419,497)
 (420,432) (420,463)
 (421,446)
 (422,431) (422,445)
 (423,483)
 (424,445) (424,486) (424,430)
 (425,500)


 (428,482) (428,450)

 (430,445)
 (431,445)

 (433,446) (433,499)


 (436,489)
 (437,499)


 (440,458) (440,454) (440,494)
 (441,465)

 (443,500) (443,468)
 (444,473)


 (447,476) (447,453)


 (450,482) (450,493)
 (451,472)

 (453,476)



 (457,481)



 (461,462)


 (464,469)
 (465,485)






 (472,497)


 (475,487)





 (481,486)



 (485,494)















;

end;
