# n500plap3i2.txt

# 80 cluster
param p := 80 ;

# 500 vertici
set V := 
 1 2 3 4 5 6 7 8 9 10 11 12 13 14 15 16 17 18 19 20 21 22 23 24 25 26 27 28 29 30 31 32 33 34 35 36 37 38 39 40 41 42 43 44 45 46 47 48 49 50 51 52 53 54 55 56 57 58 59 60 61 62 63 64 65 66 67 68 69 70 71 72 73 74 75 76 77 78 79 80 81 82 83 84 85 86 87 88 89 90 91 92 93 94 95 96 97 98 99 100 101 102 103 104 105 106 107 108 109 110 111 112 113 114 115 116 117 118 119 120 121 122 123 124 125 126 127 128 129 130 131 132 133 134 135 136 137 138 139 140 141 142 143 144 145 146 147 148 149 150 151 152 153 154 155 156 157 158 159 160 161 162 163 164 165 166 167 168 169 170 171 172 173 174 175 176 177 178 179 180 181 182 183 184 185 186 187 188 189 190 191 192 193 194 195 196 197 198 199 200 201 202 203 204 205 206 207 208 209 210 211 212 213 214 215 216 217 218 219 220 221 222 223 224 225 226 227 228 229 230 231 232 233 234 235 236 237 238 239 240 241 242 243 244 245 246 247 248 249 250 251 252 253 254 255 256 257 258 259 260 261 262 263 264 265 266 267 268 269 270 271 272 273 274 275 276 277 278 279 280 281 282 283 284 285 286 287 288 289 290 291 292 293 294 295 296 297 298 299 300 301 302 303 304 305 306 307 308 309 310 311 312 313 314 315 316 317 318 319 320 321 322 323 324 325 326 327 328 329 330 331 332 333 334 335 336 337 338 339 340 341 342 343 344 345 346 347 348 349 350 351 352 353 354 355 356 357 358 359 360 361 362 363 364 365 366 367 368 369 370 371 372 373 374 375 376 377 378 379 380 381 382 383 384 385 386 387 388 389 390 391 392 393 394 395 396 397 398 399 400 401 402 403 404 405 406 407 408 409 410 411 412 413 414 415 416 417 418 419 420 421 422 423 424 425 426 427 428 429 430 431 432 433 434 435 436 437 438 439 440 441 442 443 444 445 446 447 448 449 450 451 452 453 454 455 456 457 458 459 460 461 462 463 464 465 466 467 468 469 470 471 472 473 474 475 476 477 478 479 480 481 482 483 484 485 486 487 488 489 490 491 492 493 494 495 496 497 498 499 500
;

param w := 
  1    3
  2    4
  3    4
  4    7
  5    7
  6    7
  7    8
  8    9
  9   11
 10   11
 11   11
 12   11
 13   13
 14   13
 15   13
 16   14
 17   16
 18   16
 19   16
 20   17
 21   17
 22   18
 23   18
 24   23
 25   23
 26   23
 27   24
 28   25
 29   25
 30   26
 31   27
 32   28
 33   28
 34   29
 35   30
 36   31
 37   31
 38   31
 39   33
 40   34
 41   35
 42   35
 43   36
 44   39
 45   40
 46   41
 47   42
 48   44
 49   44
 50   44
 51   45
 52   45
 53   45
 54   48
 55   48
 56   50
 57   52
 58   52
 59   52
 60   55
 61   59
 62   60
 63   60
 64   62
 65   63
 66   63
 67   64
 68   65
 69   66
 70   66
 71   67
 72   68
 73   69
 74   70
 75   70
 76   71
 77   71
 78   72
 79   73
 80   75
 81   76
 82   77
 83   77
 84   78
 85   78
 86   79
 87   80
 88   82
 89   83
 90   85
 91   86
 92   87
 93   87
 94   88
 95   88
 96   89
 97   89
 98   90
 99   92
100   92
101   94
102   96
103   97
104   97
105   97
106   97
107   98
108   99
109  100
110  100
111  101
112  103
113  103
114  104
115  105
116  106
117  108
118  109
119  109
120  111
121  111
122  111
123  113
124  116
125  116
126  118
127  121
128  121
129  123
130  123
131  123
132  123
133  124
134  127
135  127
136  128
137  128
138  130
139  130
140  130
141  132
142  132
143  133
144  134
145  134
146  134
147  139
148  139
149  140
150  141
151  142
152  142
153  142
154  143
155  144
156  144
157  145
158  147
159  148
160  149
161  151
162  151
163  152
164  152
165  155
166  155
167  155
168  156
169  156
170  159
171  159
172  160
173  161
174  162
175  162
176  163
177  163
178  163
179  164
180  165
181  172
182  172
183  172
184  174
185  175
186  176
187  178
188  179
189  181
190  181
191  182
192  183
193  183
194  184
195  184
196  185
197  186
198  186
199  187
200  187
201  187
202  188
203  188
204  189
205  189
206  190
207  191
208  192
209  192
210  193
211  193
212  193
213  193
214  195
215  195
216  195
217  196
218  197
219  198
220  199
221  200
222  202
223  203
224  203
225  204
226  204
227  205
228  207
229  209
230  210
231  211
232  212
233  213
234  215
235  219
236  220
237  221
238  221
239  223
240  225
241  225
242  226
243  226
244  226
245  228
246  228
247  228
248  230
249  233
250  234
251  234
252  235
253  236
254  236
255  236
256  236
257  237
258  238
259  238
260  238
261  238
262  241
263  241
264  243
265  243
266  243
267  244
268  244
269  245
270  247
271  251
272  251
273  254
274  255
275  255
276  256
277  257
278  257
279  257
280  258
281  258
282  263
283  264
284  266
285  268
286  269
287  270
288  271
289  272
290  273
291  275
292  275
293  276
294  279
295  279
296  280
297  280
298  280
299  282
300  282
301  284
302  285
303  285
304  285
305  286
306  286
307  288
308  288
309  289
310  289
311  290
312  291
313  294
314  294
315  294
316  295
317  297
318  297
319  298
320  299
321  300
322  300
323  301
324  301
325  303
326  304
327  304
328  305
329  306
330  307
331  307
332  308
333  309
334  310
335  310
336  312
337  312
338  312
339  313
340  314
341  315
342  316
343  317
344  318
345  320
346  320
347  320
348  321
349  321
350  322
351  322
352  323
353  323
354  323
355  323
356  324
357  328
358  328
359  329
360  329
361  329
362  329
363  330
364  331
365  332
366  335
367  338
368  338
369  339
370  342
371  343
372  344
373  345
374  345
375  345
376  345
377  346
378  346
379  349
380  351
381  351
382  351
383  351
384  352
385  354
386  354
387  355
388  356
389  357
390  360
391  364
392  366
393  367
394  368
395  368
396  368
397  369
398  369
399  370
400  371
401  372
402  372
403  374
404  376
405  376
406  377
407  378
408  379
409  379
410  380
411  380
412  382
413  383
414  383
415  383
416  383
417  384
418  384
419  384
420  385
421  389
422  393
423  396
424  397
425  398
426  398
427  399
428  400
429  401
430  406
431  406
432  407
433  409
434  409
435  409
436  412
437  413
438  415
439  417
440  417
441  418
442  419
443  421
444  423
445  424
446  424
447  428
448  429
449  431
450  431
451  431
452  433
453  433
454  433
455  434
456  434
457  435
458  440
459  441
460  443
461  444
462  444
463  446
464  447
465  449
466  453
467  454
468  454
469  456
470  458
471  458
472  458
473  461
474  462
475  463
476  467
477  467
478  472
479  472
480  473
481  474
482  474
483  475
484  478
485  480
486  480
487  480
488  480
489  481
490  482
491  483
492  483
493  483
494  485
495  487
496  487
497  488
498  490
499  494
500  495
;

# 2842 lati
set E := 
 (1,218) (1,36) (1,193) (1,351) (1,72) (1,49) (1,181) (1,78)
 (2,479) (2,349) (2,350) (2,185)
 (3,375) (3,73) (3,84) (3,42) (3,11)
 (4,425) (4,381)
 (5,221) (5,478) (5,263) (5,175) (5,159) (5,101)
 (6,45) (6,271) (6,313) (6,120) (6,103)
 (7,165) (7,132) (7,463) (7,273) (7,119) (7,232)
 (8,113) (8,351) (8,296) (8,398) (8,193)
 (9,299) (9,277) (9,60) (9,142) (9,139) (9,272)
 (10,202) (10,167) (10,255) (10,496) (10,178) (10,379)
 (11,20) (11,443) (11,84) (11,73)
 (12,91) (12,80) (12,343) (12,371) (12,275)
 (13,435) (13,254) (13,146) (13,139) (13,136) (13,393) (13,413)
 (14,279) (14,462) (14,144) (14,104) (14,81) (14,331)
 (15,285) (15,183)
 (16,132) (16,232) (16,271)
 (17,319) (17,200)
 (18,75) (18,301)
 (19,242) (19,415) (19,356) (19,198) (19,301) (19,353) (19,47)
 (20,377) (20,73) (20,443) (20,311) (20,273)
 (21,216) (21,376) (21,204) (21,151) (21,215) (21,194) (21,493) (21,360)
 (22,382) (22,380) (22,50) (22,291)
 (23,66) (23,348) (23,456) (23,442) (23,128)
 (24,309) (24,180) (24,207) (24,318)
 (25,37) (25,34) (25,252) (25,378) (25,123)
 (26,68) (26,394) (26,375) (26,182) (26,209) (26,42) (26,325)
 (27,298) (27,432) (27,484) (27,174) (27,317) (27,251) (27,109)
 (28,95) (28,437) (28,312) (28,372) (28,79)
 (29,40) (29,368) (29,305) (29,469) (29,256) (29,387) (29,140) (29,492)
 (30,208) (30,382) (30,481) (30,152)
 (31,272) (31,299) (31,467)
 (32,150) (32,122) (32,194) (32,323) (32,189) (32,392) (32,349)
 (33,61) (33,403) (33,369) (33,495)
 (34,227) (34,89) (34,378) (34,252)
 (35,85) (35,371) (35,275) (35,304) (35,58) (35,489)
 (36,203) (36,72) (36,78) (36,490) (36,295) (36,197)
 (37,454) (37,63) (37,243) (37,378) (37,212) (37,123)
 (38,219) (38,364) (38,159) (38,340) (38,448) (38,221) (38,407) (38,266)
 (39,54) (39,332) (39,87) (39,331) (39,144) (39,238)
 (40,305) (40,297) (40,387)
 (41,258) (41,233) (41,67) (41,307) (41,153)
 (42,375) (42,68) (42,84) (42,211) (42,207)
 (43,436) (43,286) (43,407) (43,301) (43,263) (43,55) (43,168)
 (44,170) (44,489) (44,430) (44,85) (44,188)
 (45,330) (45,271) (45,424) (45,119) (45,120) (45,274)
 (46,444) (46,483) (46,341) (46,86) (46,346) (46,249) (46,96)
 (47,301) (47,135) (47,55) (47,402) (47,415) (47,397) (47,239) (47,234)
 (48,364) (48,402) (48,448) (48,55) (48,361)
 (49,181) (49,195) (49,441) (49,193) (49,288)
 (50,357) (50,382) (50,292) (50,183) (50,291)
 (51,186) (51,230) (51,234) (51,58) (51,397)
 (52,183) (52,53) (52,97) (52,411) (52,285)
 (53,411) (53,287) (53,82) (53,285) (53,252) (53,227)
 (54,87) (54,331) (54,462)
 (55,436) (55,361) (55,301) (55,402)
 (56,117) (56,213) (56,464) (56,141)
 (57,424) (57,330) (57,395)
 (58,497) (58,186) (58,489) (58,222) (58,397) (58,275) (58,280)
 (59,114) (59,352) (59,494) (59,495) (59,228)
 (60,146) (60,453) (60,139) (60,205) (60,277)
 (61,151) (61,369) (61,90) (61,216) (61,403)
 (62,229) (62,184) (62,416)
 (63,243) (63,438) (63,472) (63,212) (63,455)
 (64,363) (64,65) (64,327) (64,147) (64,270) (64,367) (64,158)
 (65,147) (65,158) (65,462) (65,384)
 (66,442) (66,456) (66,88)
 (67,237) (67,131) (67,121) (67,307) (67,179) (67,153)
 (68,215) (68,143) (68,211) (68,325)
 (69,151) (69,241) (69,236) (69,403) (69,360)
 (70,388) (70,449) (70,327) (70,445)
 (71,471) (71,304) (71,85) (71,170) (71,432) (71,109)
 (72,354) (72,490) (72,223) (72,177) (72,499) (72,351)
 (73,375) (73,405) (73,465) (73,209) (73,377)
 (74,282) (74,161) (74,336) (74,452)
 (75,301)
 (76,257) (76,171) (76,466) (76,414) (76,226) (76,313)
 (77,263) (77,168) (77,247) (77,444)
 (78,218) (78,345) (78,197) (78,181) (78,441)
 (79,95) (79,372) (79,154) (79,98)
 (80,321) (80,91) (80,371) (80,390) (80,207) (80,180)
 (81,144) (81,238) (81,279) (81,314)
 (82,339) (82,287) (82,482) (82,249) (82,227)
 (83,308) (83,316) (83,128) (83,398) (83,404)
 (84,443) (84,395) (84,207) (84,321)
 (85,170) (85,304) (85,489)
 (86,168) (86,198) (86,482) (86,444) (86,249)
 (87,367) (87,462) (87,332) (87,229) (87,417)
 (88,456) (88,359) (88,433) (88,470) (88,442) (88,329) (88,200) (88,498)
 (89,346) (89,378) (89,455) (89,249) (89,227) (89,396)
 (90,344) (90,399) (90,324) (90,204) (90,369) (90,216) (90,446) (90,94) (90,326)
 (91,321) (91,343) (91,330) (91,333)
 (92,426) (92,295) (92,245) (92,162) (92,278) (92,177)
 (93,431) (93,227)
 (94,399)
 (95,154) (95,312) (95,210)
 (96,235) (96,192) (96,155) (96,341) (96,452) (96,483) (96,293)
 (97,380) (97,481) (97,183) (97,291) (97,411)
 (98,154) (98,210) (98,311) (98,116) (98,372) (98,118) (98,163) (98,406)
 (99,294) (99,312) (99,210) (99,326)
 (100,416) (100,429) (100,229) (100,386) (100,187) (100,417)
 (101,159) (101,496) (101,175) (101,167) (101,266)
 (102,453) (102,116) (102,118) (102,146)
 (103,414) (103,313) (103,145) (103,201) (103,271)
 (104,115) (104,384) (104,260) (104,462) (104,147) (104,328) (104,388)
 (105,288) (105,248) (105,195) (105,329)
 (106,389) (106,129) (106,358) (106,494)
 (107,480) (107,211) (107,268) (107,289) (107,461) (107,318)
 (108,156) (108,188) (108,231) (108,152) (108,339) (108,365) (108,356) (108,134)
 (109,298) (109,265) (109,471) (109,174) (109,432)
 (110,125) (110,447) (110,308) (110,113)
 (111,360) (111,194) (111,428) (111,189)
 (112,467) (112,310) (112,133) (112,141) (112,272) (112,142)
 (113,125) (113,351) (113,398) (113,308)
 (114,228) (114,485) (114,458) (114,352)
 (115,388) (115,260)
 (116,163) (116,127) (116,453) (116,118)
 (117,141) (117,421) (117,213)
 (118,372) (118,146) (118,254) (118,488)
 (119,232) (119,473) (119,424) (119,271) (119,273)
 (120,225) (120,257) (120,313) (120,274)
 (121,259) (121,276) (121,315) (121,237) (121,306) (121,179)
 (122,323) (122,392)
 (123,292) (123,166) (123,212) (123,450) (123,148) (123,252)
 (124,280) (124,497) (124,230) (124,214) (124,186) (124,172)
 (125,447) (125,223) (125,259) (125,420) (125,351)
 (126,500) (126,289) (126,480)
 (127,205) (127,163) (127,453)
 (128,348) (128,477) (128,404) (128,398) (128,442)
 (129,160) (129,303) (129,494)
 (130,445) (130,267) (130,157) (130,246) (130,173)
 (131,307) (131,237) (131,306)
 (132,201) (132,232) (132,165) (132,271) (132,335)
 (133,310) (133,165) (133,463) (133,467) (133,335)
 (134,188) (134,430) (134,152)
 (135,239) (135,269) (135,337) (135,234) (135,402)
 (136,142) (136,139) (136,435)
 (137,347) (137,270) (137,184)
 (138,347) (138,173) (138,270) (138,201) (138,145)
 (139,146) (139,142)
 (140,368) (140,307) (140,469) (140,306) (140,305) (140,410)
 (141,310) (141,464) (141,421) (141,142) (141,366)
 (142,272) (142,421) (142,435)
 (143,211) (143,493) (143,423) (143,215) (143,500) (143,480)
 (144,279) (144,238) (144,331)
 (145,267) (145,201) (145,414) (145,173)
 (146,453) (146,254)
 (147,384) (147,327) (147,388)
 (148,292) (148,450) (148,285)
 (149,322) (149,359)
 (150,422) (150,162) (150,349) (150,423) (150,350) (150,245) (150,323)
 (151,216) (151,403) (151,360)
 (152,208) (152,339) (152,481) (152,430)
 (153,317) (153,233) (153,484) (153,179)
 (154,210)
 (155,439) (155,341) (155,452)
 (156,365) (156,222) (156,188)
 (157,302) (157,244) (157,246) (157,414) (157,267) (157,466)
 (158,462) (158,367)
 (159,221) (159,266)
 (160,303) (160,494) (160,236) (160,476)
 (161,175) (161,336) (161,478) (161,282)
 (162,422) (162,245) (162,278) (162,500)
 (163,205) (163,406) (163,412)
 (164,409) (164,468) (164,262) (164,169) (164,460) (164,265)
 (165,335) (165,463)
 (166,252) (166,450) (166,285)
 (167,255) (167,175) (167,336) (167,379) (167,496)
 (168,444) (168,286) (168,198) (168,263)
 (169,409) (169,265) (169,174) (169,300) (169,499)
 (170,317) (170,432) (170,430)
 (171,457) (171,226) (171,257)
 (172,275) (172,280) (172,343) (172,214)
 (173,327) (173,363) (173,270) (173,445) (173,267)
 (174,298) (174,265) (174,251) (174,300)
 (175,336) (175,478)
 (176,472) (176,192) (176,396) (176,370) (176,483)
 (177,426) (177,278) (177,499) (177,354) (177,460) (177,419)
 (178,328) (178,202) (178,261) (178,379) (178,383)
 (179,484) (179,315) (179,251)
 (180,461) (180,253) (180,390) (180,318) (180,207)
 (181,218) (181,441)
 (182,394)
 (183,291) (183,285) (183,292)
 (184,367) (184,229) (184,270) (184,416) (184,187) (184,347)
 (185,350) (185,245) (185,428) (185,479) (185,295) (185,197)
 (186,497) (186,230)
 (187,464) (187,416) (187,366) (187,386) (187,347) (187,213)
 (188,430) (188,489) (188,222)
 (189,479) (189,194) (189,428) (189,349)
 (190,290) (190,219) (190,355) (190,266) (190,381)
 (191,408) (191,413) (191,393) (191,250)
 (192,379) (192,472) (192,452) (192,336) (192,483)
 (193,374) (193,398) (193,195) (193,351) (193,296)
 (194,434) (194,392) (194,493) (194,360) (194,342)
 (195,248) (195,442) (195,288) (195,398)
 (196,214) (196,230) (196,457) (196,269) (196,234) (196,274) (196,225)
 (197,345) (197,428) (197,295)
 (198,353) (198,482) (198,286) (198,427) (198,356)
 (199,224) (199,415)
 (200,359) (200,288) (200,319) (200,329)
 (201,335) (201,347) (201,366) (201,271)
 (202,496) (202,261)
 (203,490) (203,295)
 (204,376) (204,209) (204,446) (204,216)
 (205,277) (205,453) (205,412)
 (206,254) (206,488) (206,459) (206,437) (206,485)
 (207,309) (207,211) (207,268) (207,321)
 (208,382) (208,307) (208,258) (208,430)
 (209,334) (209,376) (209,405) (209,375) (209,446) (209,325)
 (210,312) (210,294) (210,377) (210,465) (210,311)
 (211,268) (211,480)
 (212,477) (212,470) (212,348) (212,292) (212,357) (212,256)
 (213,421) (213,464) (213,386)
 (214,274) (214,343) (214,230)
 (215,325) (215,493) (215,376)

 (217,387) (217,404) (217,256) (217,297) (217,477)

 (219,340) (219,266) (219,355)
 (220,264) (220,269) (220,337)
 (221,407) (221,263)
 (222,365) (222,489) (222,397)
 (223,401) (223,420) (223,300) (223,351) (223,499)
 (224,415)
 (225,274) (225,257) (225,457)
 (226,466) (226,320) (226,457)
 (227,431) (227,252) (227,249)
 (228,284) (228,494) (228,459) (228,485)
 (229,417) (229,416) (229,367)
 (230,234)
 (231,415) (231,356) (231,365) (231,397)
 (232,271)
 (233,317) (233,258)
 (234,239) (234,269) (234,397)
 (235,293)
 (236,476) (236,303) (236,403) (236,241)
 (237,306)
 (238,451) (238,314) (238,332)

 (240,362) (240,396)
 (241,428) (241,360) (241,303)
 (242,353) (242,301) (242,427)
 (243,455) (243,454) (243,378)
 (244,320) (244,440) (244,364) (244,302) (244,402) (244,466)
 (245,350) (245,295)
 (246,355) (246,261) (246,381) (246,445) (246,302)
 (247,478) (247,282) (247,341) (247,444) (247,263)
 (248,442) (248,329)
 (249,346) (249,482)
 (250,408) (250,429) (250,393) (250,386)
 (251,484) (251,315) (251,300) (251,281)
 (252,285)
 (253,461) (253,262) (253,468) (253,390)
 (254,459) (254,488) (254,487)
 (255,379)
 (256,387) (256,477) (256,492) (256,357)
 (257,313) (257,457)
 (258,307) (258,317) (258,430)
 (259,315) (259,447) (259,281) (259,420) (259,276) (259,410)
 (260,449) (260,388) (260,328) (260,383)
 (261,496) (261,381) (261,449) (261,445) (261,383)
 (262,390) (262,468) (262,265) (262,371) (262,304)
 (263,478) (263,407)
 (264,457) (264,475) (264,269) (264,337)
 (265,471) (265,304)
 (266,381) (266,496)
 (267,414)
 (268,318) (268,309)
 (269,337) (269,457)
 (270,363) (270,367) (270,347)

 (272,467) (272,299)
 (273,400) (273,443) (273,473) (273,311) (273,406) (273,463)
 (274,343) (274,330)
 (275,371) (275,343) (275,280)
 (276,306) (276,410)
 (277,412) (277,467) (277,299) (277,463)
 (278,419) (278,338) (278,500)

 (280,497)
 (281,315) (281,401) (281,420) (281,300)
 (282,341) (282,452) (282,478) (282,439)
 (283,483) (283,396) (283,346)
 (284,391) (284,494) (284,459)
 (285,292) (285,450)
 (286,427) (286,301)
 (287,339) (287,411) (287,481)
 (288,329) (288,441) (288,345)
 (289,418) (289,480) (289,461) (289,500) (289,338)
 (290,381)
 (291,380)
 (292,357)

 (294,326) (294,324) (294,465)
 (295,354) (295,426) (295,490)
 (296,374) (296,351)
 (297,387) (297,316) (297,404) (297,305)

 (299,467)
 (300,401) (300,499)
 (301,427)
 (302,355) (302,440)

 (304,471) (304,371)
 (305,410) (305,316)
 (306,410) (306,307)
 (307,382) (307,469) (307,492) (307,357)
 (308,316) (308,447) (308,398)
 (309,318)
 (310,335) (310,366)
 (311,474) (311,377) (311,400) (311,406)
 (312,437) (312,326)
 (313,414)
 (314,413) (314,417) (314,451) (314,429)

 (316,404) (316,410) (316,447)
 (317,484) (317,432) (317,430)
 (318,461)

 (320,475) (320,457) (320,466) (320,337) (320,402)
 (321,333) (321,395)
 (322,359)
 (323,385) (323,392) (323,423) (323,486)
 (324,344) (324,326) (324,465) (324,405)
 (325,376)
 (326,369) (326,485) (326,437)
 (327,363) (327,445) (327,388)
 (328,383)
 (329,442)
 (330,333) (330,395) (330,343) (330,424)
 (331,462)
 (332,451) (332,417)
 (333,395)
 (334,446) (334,344) (334,405)
 (335,366)
 (336,379) (336,452)
 (337,475) (337,402)
 (338,419) (338,418) (338,500)
 (339,482) (339,481) (339,356)
 (340,440) (340,364) (340,355)
 (341,439) (341,444)
 (342,434)

 (344,446) (344,405)
 (345,441)
 (346,396) (346,483)
 (347,366)
 (348,477) (348,470) (348,456)
 (349,350) (349,479)


 (352,458) (352,495) (352,369)
 (353,427)
 (354,490) (354,426)
 (355,381) (355,440)
 (356,482) (356,415)
 (357,382) (357,492)
 (358,389)

 (360,428)
 (361,448) (361,436) (361,491)
 (362,396)

 (364,448) (364,440) (364,402)
 (365,397)
 (366,464)
 (367,462)
 (368,469)
 (369,458) (369,485) (369,495)
 (370,438) (370,455) (370,472) (370,396)
 (371,390)
 (372,488) (372,437)
 (373,476) (373,494)



 (377,465)
 (378,454) (378,455)

 (380,382) (380,481)
 (381,425) (381,496)
 (382,481)
 (383,449)
 (384,462)
 (385,486)
 (386,421) (386,429) (386,393)

 (388,449)


 (391,487) (391,459)
 (392,493) (392,423)
 (393,435) (393,421) (393,413)

 (395,473) (395,424) (395,443)
 (396,483) (396,455)
 (397,415)
 (398,442)

 (400,474) (400,406)
 (401,420)

 (403,476) (403,495)
 (404,477)
 (405,465)
 (406,412) (406,474) (406,463)
 (407,491) (407,448) (407,436)
 (408,429) (408,413)
 (409,499) (409,460)
 (410,447)
 (411,481)
 (412,463)
 (413,429)
 (414,466)


 (417,429) (417,451)
 (418,468) (418,419) (418,460) (418,461)
 (419,460)

 (421,435)
 (422,500) (422,423)
 (423,493) (423,500)
 (424,473)



 (428,479)




 (433,498)


 (436,491)
 (437,488) (437,485)
 (438,472) (438,455)
 (439,452)



 (443,473)

 (445,449)


 (448,491)







 (456,470)
 (457,475)
 (458,485)
 (459,487) (459,485)
 (460,499) (460,468)
 (461,468)

 (463,467)





 (469,492)






 (476,495) (476,494)



 (480,500)













 (494,495)






;

end;
