# n500plap1i3.txt

# 6 cluster
param p := 6 ;

# 500 vertici
set V := 
 1 2 3 4 5 6 7 8 9 10 11 12 13 14 15 16 17 18 19 20 21 22 23 24 25 26 27 28 29 30 31 32 33 34 35 36 37 38 39 40 41 42 43 44 45 46 47 48 49 50 51 52 53 54 55 56 57 58 59 60 61 62 63 64 65 66 67 68 69 70 71 72 73 74 75 76 77 78 79 80 81 82 83 84 85 86 87 88 89 90 91 92 93 94 95 96 97 98 99 100 101 102 103 104 105 106 107 108 109 110 111 112 113 114 115 116 117 118 119 120 121 122 123 124 125 126 127 128 129 130 131 132 133 134 135 136 137 138 139 140 141 142 143 144 145 146 147 148 149 150 151 152 153 154 155 156 157 158 159 160 161 162 163 164 165 166 167 168 169 170 171 172 173 174 175 176 177 178 179 180 181 182 183 184 185 186 187 188 189 190 191 192 193 194 195 196 197 198 199 200 201 202 203 204 205 206 207 208 209 210 211 212 213 214 215 216 217 218 219 220 221 222 223 224 225 226 227 228 229 230 231 232 233 234 235 236 237 238 239 240 241 242 243 244 245 246 247 248 249 250 251 252 253 254 255 256 257 258 259 260 261 262 263 264 265 266 267 268 269 270 271 272 273 274 275 276 277 278 279 280 281 282 283 284 285 286 287 288 289 290 291 292 293 294 295 296 297 298 299 300 301 302 303 304 305 306 307 308 309 310 311 312 313 314 315 316 317 318 319 320 321 322 323 324 325 326 327 328 329 330 331 332 333 334 335 336 337 338 339 340 341 342 343 344 345 346 347 348 349 350 351 352 353 354 355 356 357 358 359 360 361 362 363 364 365 366 367 368 369 370 371 372 373 374 375 376 377 378 379 380 381 382 383 384 385 386 387 388 389 390 391 392 393 394 395 396 397 398 399 400 401 402 403 404 405 406 407 408 409 410 411 412 413 414 415 416 417 418 419 420 421 422 423 424 425 426 427 428 429 430 431 432 433 434 435 436 437 438 439 440 441 442 443 444 445 446 447 448 449 450 451 452 453 454 455 456 457 458 459 460 461 462 463 464 465 466 467 468 469 470 471 472 473 474 475 476 477 478 479 480 481 482 483 484 485 486 487 488 489 490 491 492 493 494 495 496 497 498 499 500
;

param w := 
  1    5
  2    8
  3    9
  4   10
  5   11
  6   11
  7   12
  8   15
  9   17
 10   17
 11   18
 12   19
 13   19
 14   19
 15   19
 16   19
 17   20
 18   21
 19   24
 20   26
 21   27
 22   27
 23   27
 24   27
 25   28
 26   28
 27   30
 28   31
 29   31
 30   32
 31   32
 32   33
 33   34
 34   34
 35   34
 36   34
 37   35
 38   36
 39   36
 40   36
 41   37
 42   37
 43   40
 44   40
 45   40
 46   41
 47   44
 48   44
 49   45
 50   46
 51   47
 52   47
 53   49
 54   50
 55   51
 56   51
 57   52
 58   53
 59   53
 60   53
 61   53
 62   55
 63   56
 64   57
 65   58
 66   58
 67   60
 68   61
 69   62
 70   62
 71   64
 72   65
 73   66
 74   67
 75   70
 76   71
 77   71
 78   71
 79   73
 80   73
 81   74
 82   75
 83   75
 84   76
 85   77
 86   77
 87   77
 88   78
 89   82
 90   85
 91   88
 92   89
 93   89
 94   89
 95   93
 96   93
 97   95
 98   95
 99   95
100   95
101   96
102   97
103   98
104  100
105  101
106  102
107  103
108  104
109  104
110  104
111  106
112  107
113  108
114  111
115  111
116  114
117  114
118  115
119  115
120  116
121  117
122  119
123  119
124  120
125  121
126  124
127  124
128  124
129  126
130  127
131  132
132  132
133  133
134  133
135  133
136  133
137  134
138  135
139  136
140  137
141  137
142  144
143  144
144  146
145  146
146  147
147  149
148  150
149  150
150  150
151  151
152  154
153  155
154  156
155  156
156  157
157  161
158  162
159  164
160  166
161  166
162  166
163  167
164  167
165  170
166  171
167  173
168  174
169  175
170  176
171  178
172  178
173  179
174  180
175  181
176  182
177  182
178  185
179  185
180  185
181  186
182  187
183  188
184  188
185  191
186  191
187  191
188  191
189  192
190  193
191  195
192  195
193  196
194  197
195  199
196  200
197  201
198  201
199  201
200  202
201  202
202  206
203  208
204  208
205  209
206  209
207  209
208  210
209  210
210  211
211  212
212  212
213  213
214  214
215  216
216  216
217  218
218  218
219  220
220  220
221  221
222  223
223  223
224  223
225  225
226  226
227  226
228  227
229  228
230  230
231  230
232  231
233  232
234  232
235  232
236  233
237  233
238  233
239  234
240  235
241  235
242  236
243  238
244  242
245  243
246  244
247  244
248  244
249  244
250  247
251  248
252  253
253  253
254  256
255  257
256  258
257  258
258  260
259  261
260  262
261  262
262  263
263  264
264  265
265  266
266  266
267  267
268  268
269  269
270  270
271  272
272  274
273  274
274  274
275  274
276  274
277  275
278  275
279  276
280  276
281  277
282  277
283  278
284  279
285  279
286  281
287  281
288  281
289  284
290  287
291  288
292  288
293  288
294  289
295  290
296  291
297  292
298  292
299  294
300  296
301  296
302  298
303  300
304  300
305  302
306  303
307  303
308  304
309  306
310  307
311  308
312  309
313  311
314  313
315  315
316  315
317  315
318  317
319  317
320  317
321  318
322  318
323  319
324  321
325  323
326  324
327  324
328  325
329  326
330  327
331  328
332  328
333  330
334  332
335  332
336  335
337  338
338  339
339  340
340  342
341  345
342  347
343  348
344  348
345  349
346  350
347  351
348  351
349  352
350  353
351  353
352  354
353  355
354  355
355  356
356  356
357  356
358  357
359  357
360  359
361  360
362  360
363  361
364  361
365  363
366  363
367  364
368  365
369  365
370  366
371  367
372  368
373  368
374  369
375  373
376  375
377  376
378  376
379  378
380  378
381  379
382  380
383  380
384  381
385  381
386  384
387  385
388  386
389  386
390  386
391  387
392  388
393  389
394  390
395  393
396  393
397  394
398  395
399  395
400  396
401  396
402  396
403  397
404  399
405  400
406  401
407  401
408  402
409  403
410  404
411  408
412  408
413  410
414  411
415  412
416  413
417  413
418  417
419  418
420  418
421  419
422  419
423  420
424  420
425  423
426  424
427  426
428  427
429  431
430  431
431  432
432  433
433  433
434  434
435  434
436  434
437  436
438  438
439  440
440  441
441  442
442  444
443  445
444  445
445  448
446  448
447  450
448  450
449  451
450  454
451  456
452  458
453  461
454  461
455  462
456  462
457  462
458  462
459  463
460  464
461  465
462  466
463  467
464  467
465  468
466  468
467  470
468  470
469  471
470  471
471  471
472  474
473  474
474  475
475  475
476  476
477  477
478  477
479  480
480  481
481  481
482  483
483  483
484  484
485  484
486  485
487  488
488  489
489  491
490  491
491  492
492  493
493  493
494  493
495  494
496  496
497  496
498  497
499  497
500  498
;

# 2854 lati
set E := 
 (1,497) (1,11) (1,123) (1,226) (1,79) (1,411)
 (2,160) (2,258) (2,130) (2,165) (2,7) (2,149)
 (3,42) (3,313) (3,151) (3,370) (3,182) (3,315) (3,363)
 (4,368) (4,451) (4,374) (4,470) (4,260)
 (5,37) (5,195) (5,452) (5,241) (5,212)
 (6,487) (6,244) (6,19) (6,235) (6,279) (6,172) (6,153)
 (7,94) (7,149) (7,258)
 (8,315) (8,431) (8,496) (8,370) (8,324)
 (9,145) (9,112) (9,412) (9,34) (9,307) (9,490) (9,161)
 (10,277) (10,192)
 (11,79) (11,497) (11,376) (11,87) (11,381)
 (12,173) (12,91) (12,152) (12,137) (12,418) (12,284)
 (13,443) (13,203) (13,66) (13,75) (13,207) (13,166) (13,169) (13,224)
 (14,39) (14,426) (14,34) (14,174) (14,112) (14,69) (14,259) (14,257)
 (15,336) (15,225) (15,351) (15,400)
 (16,119) (16,274) (16,83) (16,236) (16,61) (16,344) (16,114) (16,494)
 (17,436) (17,319) (17,220) (17,273) (17,492) (17,229) (17,64) (17,181)
 (18,123) (18,298) (18,103) (18,108) (18,408) (18,208)
 (19,389) (19,430) (19,432) (19,244) (19,279) (19,297) (19,36)
 (20,342) (20,232) (20,296) (20,70) (20,41) (20,222)
 (21,170) (21,174) (21,328) (21,307) (21,157) (21,120)
 (22,50) (22,428) (22,204) (22,261) (22,473) (22,293)
 (23,197) (23,295) (23,167) (23,58) (23,102) (23,118)
 (24,478) (24,442) (24,252) (24,205) (24,327) (24,380)
 (25,362) (25,357) (25,479) (25,186) (25,367) (25,288)
 (26,43) (26,240) (26,215) (26,85) (26,270) (26,183) (26,191)
 (27,117) (27,88) (27,362) (27,69) (27,367)
 (28,348) (28,104) (28,131) (28,429) (28,93) (28,439) (28,336) (28,351) (28,118)
 (29,126) (29,420) (29,234) (29,410) (29,314)
 (30,421) (30,353) (30,33) (30,75) (30,484)
 (31,458) (31,457) (31,97)
 (32,107) (32,308) (32,442) (32,252) (32,87) (32,47) (32,164) (32,133)
 (33,421) (33,484) (33,455) (33,406) (33,96) (33,178) (33,162)
 (34,112) (34,259) (34,490)
 (35,283) (35,269) (35,394) (35,159) (35,191) (35,136)
 (36,389) (36,417) (36,432) (36,97) (36,244) (36,393)
 (37,212) (37,387) (37,452) (37,251) (37,444)
 (38,334) (38,74) (38,415)
 (39,257)
 (40,292) (40,58)
 (41,70) (41,335) (41,491) (41,342) (41,142)
 (42,80) (42,151) (42,363) (42,318) (42,483)
 (43,270) (43,455) (43,183) (43,340)
 (44,220) (44,273) (44,356) (44,55) (44,249) (44,99) (44,410) (44,287)
 (45,467) (45,102) (45,255) (45,167) (45,135)
 (46,462) (46,48) (46,350) (46,163) (46,57) (46,279) (46,172)
 (47,401) (47,164) (47,476) (47,133) (47,146)
 (48,172) (48,163) (48,479) (48,399)
 (49,188) (49,314) (49,323) (49,230) (49,140) (49,268)
 (50,293) (50,453) (50,204) (50,82)
 (51,349) (51,196) (51,482) (51,60)
 (52,244) (52,222) (52,487) (52,153)
 (53,180) (53,415) (53,55) (53,249) (53,369)
 (54,164) (54,392) (54,476) (54,360) (54,184)
 (55,356) (55,249) (55,99)
 (56,59) (56,124) (56,390) (56,198)
 (57,456) (57,350) (57,471) (57,450) (57,163)
 (58,292) (58,187) (58,460) (58,102) (58,444) (58,197) (58,137) (58,440)
 (59,89) (59,388) (59,124) (59,399) (59,198) (59,216)
 (60,349) (60,259) (60,196)
 (61,138) (61,494) (61,445) (61,298) (61,236)
 (62,316) (62,263) (62,482) (62,200) (62,198) (62,219) (62,390)
 (63,363) (63,272) (63,165) (63,80) (63,130) (63,474)
 (64,495) (64,405) (64,121) (64,492) (64,319)
 (65,460) (65,284)
 (66,166) (66,206) (66,203) (66,148) (66,465)
 (67,231) (67,372) (67,261) (67,338) (67,371) (67,204)
 (68,301) (68,480)
 (69,157) (69,426) (69,305) (69,117) (69,367) (69,174)
 (70,222) (70,335)
 (71,230) (71,243) (71,188) (71,352) (71,489) (71,168) (71,308) (71,454)
 (72,493) (72,338) (72,406) (72,372) (72,265) (72,246) (72,322)
 (73,237) (73,479)
 (74,415) (74,448) (74,334) (74,189) (74,125)
 (75,443) (75,385) (75,166) (75,353) (75,484) (75,207)
 (76,149) (76,130) (76,248) (76,483) (76,256) (76,94)
 (77,498) (77,481) (77,225) (77,365) (77,255)
 (78,253) (78,365) (78,141)
 (79,411) (79,87)
 (80,363) (80,130) (80,483)
 (81,296) (81,393) (81,282) (81,232)
 (82,98) (82,453) (82,271) (82,499) (82,204) (82,463) (82,329)
 (83,119) (83,129) (83,192) (83,155) (83,344)
 (84,475) (84,364) (84,337) (84,278) (84,398) (84,395) (84,413)
 (85,240) (85,485) (85,302) (85,336) (85,191) (85,131)
 (86,409) (86,419) (86,120) (86,117) (86,275) (86,339) (86,446) (86,437) (86,250)
 (87,392) (87,361) (87,303) (87,164) (87,382) (87,381) (87,442) (87,411)
 (88,339) (88,276) (88,362) (88,471) (88,117)
 (89,472) (89,302) (89,290) (89,404) (89,216) (89,224)
 (90,366) (90,119)
 (91,152) (91,185) (91,173)
 (92,114) (92,226) (92,494)
 (93,351) (93,167) (93,118) (93,321)
 (94,201) (94,149) (94,248) (94,258) (94,184)
 (95,391) (95,235) (95,435) (95,142) (95,488) (95,491)
 (96,406) (96,265) (96,178) (96,210)
 (97,457) (97,393) (97,432) (97,458) (97,297) (97,461)
 (98,271) (98,463)
 (99,234) (99,410) (99,291) (99,126)
 (100,407) (100,233) (100,291) (100,475)
 (101,280) (101,499) (101,197) (101,295)
 (102,333) (102,167) (102,467) (102,444)
 (103,359) (103,445) (103,298) (103,208)
 (104,429) (104,118) (104,280) (104,295)
 (105,478) (105,403) (105,380) (105,205)
 (106,395) (106,458) (106,337) (106,457) (106,346) (106,325)
 (107,308) (107,133) (107,330)
 (108,386) (108,123) (108,376) (108,497) (108,375) (108,408)
 (109,422) (109,377) (109,267) (109,405) (109,331)
 (110,303) (110,181) (110,227) (110,122) (110,380) (110,319) (110,358)
 (111,466) (111,252)
 (112,307) (112,174)
 (113,451) (113,347) (113,214) (113,464)
 (114,144) (114,274) (114,494) (114,226)
 (115,265) (115,134) (115,493) (115,474) (115,182)
 (116,190) (116,500) (116,218) (116,446) (116,447) (116,409)
 (117,305) (117,120) (117,339)
 (118,295) (118,167)
 (119,192) (119,366) (119,236)
 (120,218) (120,305) (120,157) (120,409) (120,328)
 (121,125) (121,158) (121,492) (121,405) (121,189) (121,369)
 (122,358) (122,303) (122,411)
 (123,497) (123,494) (123,226) (123,298)
 (124,219) (124,390) (124,216)
 (125,369) (125,448) (125,415) (125,189)
 (126,234) (126,147) (126,420) (126,291)
 (127,194) (127,401) (127,128) (127,423) (127,414) (127,402) (127,247)
 (128,194) (128,402) (128,256) (128,151) (128,318)
 (129,468) (129,155) (129,344) (129,422) (129,383)
 (130,149) (130,165) (130,483)
 (131,439) (131,191) (131,283) (131,336)
 (132,461) (132,459) (132,368) (132,213) (132,325) (132,433) (132,438) (132,262)
 (133,330) (133,146)
 (134,210) (134,265) (134,431) (134,496) (134,182)
 (135,202) (135,449) (135,255) (135,253) (135,467) (135,306) (135,481)
 (136,183) (136,340) (136,394) (136,191)
 (137,294) (137,173) (137,440) (137,284) (137,460)
 (138,445) (138,236) (138,384) (138,299)
 (139,424) (139,405) (139,317) (139,155) (139,267) (139,189)
 (140,285) (140,420) (140,314) (140,147) (140,413) (140,323)
 (141,241) (141,195) (141,452) (141,253) (141,254) (141,312)
 (142,491) (142,335) (142,235)
 (143,484) (143,455) (143,270)
 (144,274) (144,422) (144,358) (144,344) (144,226)
 (145,176) (145,490) (145,161)
 (146,423) (146,470) (146,374) (146,379) (146,330) (146,401) (146,373)
 (147,285) (147,420) (147,413) (147,291)
 (148,206) (148,490) (148,349) (148,259) (148,176) (148,166)

 (150,175) (150,212)
 (151,318) (151,402) (151,239) (151,313)
 (152,341) (152,345) (152,418) (152,185)
 (153,487) (153,222) (153,235)
 (154,209) (154,351)
 (155,468) (155,334) (155,317) (155,192) (155,424)
 (156,416) (156,233) (156,346) (156,395) (156,396)
 (157,305) (157,174)
 (158,492) (158,436) (158,264) (158,369)
 (159,269) (159,429) (159,348) (159,283) (159,271)
 (160,428) (160,258) (160,261) (160,201) (160,338) (160,165)
 (161,343) (161,353) (161,412) (161,176)
 (162,455) (162,340) (162,406) (162,322) (162,266)
 (163,479) (163,471)
 (164,476) (164,360)
 (165,338) (165,474)
 (166,443) (166,353) (166,176)
 (167,321) (167,255)
 (168,469) (168,489) (168,268) (168,188)
 (169,302) (169,207) (169,485) (169,224)
 (170,324) (170,431) (170,480) (170,307) (170,328) (170,412)
 (171,260) (171,262) (171,330) (171,454) (171,470)
 (172,235) (172,279)
 (173,473) (173,185) (173,293) (173,294)
 (174,307)
 (175,212)
 (176,490) (176,353)
 (177,343) (177,178) (177,480) (177,210)
 (178,421) (178,343) (178,210)
 (179,441) (179,408)
 (180,415) (180,334)
 (181,319) (181,193) (181,380) (181,229)
 (182,496) (182,363) (182,315) (182,474)
 (183,215) (183,340) (183,191)
 (184,248) (184,201) (184,245) (184,476) (184,414) (184,392) (184,381)
 (185,359) (185,341) (185,473) (185,208)
 (186,357) (186,288)
 (187,251) (187,444) (187,460)
 (188,230) (188,268)
 (189,448) (189,424) (189,405) (189,334)
 (190,409) (190,446)
 (191,215) (191,283)
 (192,277) (192,254) (192,236) (192,299)
 (193,380) (193,403) (193,229)
 (194,414) (194,248) (194,256)
 (195,452) (195,241)
 (196,486) (196,482) (196,263) (196,426) (196,259)
 (197,295) (197,440) (197,499) (197,453)
 (198,200) (198,390) (198,388)
 (199,238) (199,339) (199,250) (199,450) (199,211)
 (200,263) (200,388)
 (201,258) (201,408) (201,428) (201,245)
 (202,306) (202,467)
 (203,465) (203,224) (203,404)
 (204,231) (204,261) (204,371) (204,329)
 (205,478) (205,287) (205,403) (205,355) (205,327)
 (206,349) (206,465) (206,316) (206,289)
 (207,385) (207,286) (207,485)
 (208,359) (208,473) (208,408)
 (209,351)
 (210,431) (210,265) (210,480)
 (211,450) (211,238) (211,430) (211,250) (211,456)
 (212,306) (212,444) (212,467) (212,241)
 (213,459) (213,262)
 (214,464) (214,374) (214,347) (214,373) (214,311)

 (216,290) (216,219)
 (217,310) (217,251) (217,460) (217,300)
 (218,500) (218,409) (218,328)
 (219,390) (219,316) (219,290)
 (220,229) (220,273) (220,287) (220,355)
 (221,370) (221,313) (221,425) (221,311)
 (222,235) (222,296) (222,244) (222,335)
 (223,433) (223,438) (223,451) (223,347) (223,368) (223,437)
 (224,472) (224,302) (224,404)
 (225,400) (225,336) (225,498)
 (226,494) (226,411) (226,358)
 (227,377) (227,358) (227,319) (227,495)
 (228,489) (228,252) (228,308) (228,469)
 (229,355) (229,403)
 (230,323) (230,352)
 (231,261)
 (232,282) (232,458) (232,346) (232,342) (232,296)
 (233,416) (233,475) (233,395) (233,435) (233,291)
 (234,410)
 (235,335)
 (236,299)
 (237,479)
 (238,450)
 (239,313) (239,402) (239,373)
 (240,485) (240,286) (240,270)
 (241,306) (241,253)
 (242,481) (242,449)
 (243,352) (243,454)
 (244,417) (244,296) (244,487)
 (245,375) (245,381) (245,408) (245,376)
 (246,493) (246,338)
 (247,379) (247,402) (247,423) (247,373)
 (248,256) (248,414)
 (249,273) (249,356) (249,264) (249,369)
 (250,430) (250,437) (250,339)
 (251,387) (251,460) (251,310) (251,444) (251,312)
 (252,442) (252,308) (252,466) (252,327) (252,469)
 (253,306) (253,365) (253,449)
 (254,300) (254,345) (254,299) (254,312) (254,304) (254,284)
 (255,498) (255,400) (255,321) (255,481)
 (256,483) (256,318)


 (259,426) (259,349) (259,490)
 (260,470) (260,368) (260,262)
 (261,428) (261,338)
 (262,454) (262,459) (262,368) (262,364) (262,378)
 (263,388) (263,486) (263,482)
 (264,273) (264,436) (264,369)
 (265,406) (265,493)
 (266,322) (266,329) (266,340) (266,371) (266,309) (266,427)
 (267,405) (267,331) (267,317)
 (268,410) (268,397) (268,314) (268,469)
 (269,394) (269,271) (269,463) (269,309)
 (270,286) (270,455) (270,484)
 (271,477) (271,463) (271,429) (271,499)
 (272,474) (272,363)
 (273,436)
 (274,344)
 (275,419)
 (276,471) (276,339) (276,450)

 (278,323) (278,413) (278,364) (278,352)
 (279,350) (279,430) (279,456)
 (280,429) (280,295) (280,499)
 (281,288) (281,399) (281,357)
 (282,458) (282,393)
 (283,439) (283,348)
 (284,418) (284,300) (284,460) (284,345)
 (285,420)
 (286,385) (286,484) (286,485)
 (287,327) (287,410) (287,355) (287,397)
 (288,357) (288,399) (288,367)
 (289,404) (289,290) (289,465) (289,316)
 (290,316) (290,404)
 (291,398) (291,413) (291,407) (291,435)

 (293,294) (293,473) (293,440) (293,453)
 (294,440)

 (296,417) (296,393)
 (297,432) (297,430) (297,461) (297,438)
 (298,494) (298,445)
 (299,384) (299,304)
 (300,310) (300,312) (300,460)
 (301,480)
 (302,485)
 (303,411) (303,380) (303,442)
 (304,384) (304,345)

 (306,467)
 (307,412)
 (308,489) (308,330) (308,454)
 (309,463) (309,394) (309,329) (309,340)
 (310,312)
 (311,425) (311,447) (311,313) (311,347) (311,373)
 (312,387) (312,452)
 (313,370) (313,373)
 (314,420) (314,410)
 (315,496) (315,370)
 (316,482) (316,349)
 (317,383) (317,468) (317,331)
 (318,483)
 (319,495)
 (320,407) (320,398) (320,475)
 (321,351) (321,400)
 (322,427) (322,372) (322,406)
 (323,352) (323,413)
 (324,328) (324,370) (324,425) (324,431) (324,500)
 (325,337) (325,434) (325,461) (325,459) (325,457)
 (326,354) (326,360)
 (327,397) (327,469)
 (328,500)
 (329,463) (329,371)
 (330,454) (330,470)
 (331,383) (331,422)
 (332,435) (332,396) (332,391) (332,342) (332,488) (332,346)
 (333,444)
 (334,415) (334,424)

 (336,351)
 (337,364) (337,434) (337,395)
 (338,474) (338,493) (338,372)
 (339,450)
 (340,394) (340,455)
 (341,384) (341,359) (341,445) (341,345)
 (342,491) (342,346) (342,488)
 (343,421) (343,412) (343,480) (343,353)
 (344,422)
 (345,418) (345,384)
 (346,395) (346,396) (346,458)
 (347,447) (347,437) (347,451) (347,446)
 (348,429) (348,439)
 (349,482)
 (350,462) (350,456)
 (351,400)
 (352,454) (352,364)
 (353,421)
 (354,360)
 (355,403)

 (357,479) (357,399)
 (358,422) (358,411) (358,377)
 (359,445)
 (360,392)
 (361,382)
 (362,471) (362,367) (362,479)
 (363,474)
 (364,378) (364,434) (364,454)
 (365,449) (365,481)

 (367,426) (367,399) (367,486)
 (368,433) (368,451)
 (369,415)
 (370,425)
 (371,427) (371,372)
 (372,427)
 (373,379) (373,374) (373,402)
 (374,451) (374,470) (374,464)
 (375,376) (375,386) (375,408)
 (376,381) (376,497)
 (377,422) (377,495) (377,405)
 (378,434) (378,459)
 (379,423)
 (380,442) (380,478) (380,403)
 (381,392)

 (383,422) (383,468)
 (384,445)
 (385,484)
 (386,408)
 (387,452)
 (388,486) (388,399)
 (389,432)

 (391,488) (391,435)

 (393,417) (393,458)

 (395,475)
 (396,416) (396,435)
 (397,410) (397,469)
 (398,413) (398,407) (398,475)
 (399,486) (399,479)
 (400,498)
 (401,423) (401,476) (401,414)


 (404,465)
 (405,495)

 (407,475)
 (408,441) (408,473) (408,428)
 (409,446)


 (412,480)

 (414,476)

 (416,435)








 (425,447) (425,500)
 (426,486)

 (428,473)
 (429,499) (429,477)
 (430,437) (430,456) (430,438)
 (431,496) (431,480)

 (433,438)
 (434,459)

 (436,492)
 (437,446) (437,438)
 (438,461)

 (440,453)



 (444,467)

 (446,447)
 (447,500)

 (449,481)
 (450,456) (450,471)
 (451,464)

 (453,499)

 (455,484)

 (457,461) (457,458)











 (469,489)

 (471,479)


 (474,493)


 (477,499)










 (488,491)












;

end;
